# ELECAIRCOMBAT's sky: tiles of horizon.png by the horizon's distance (321 bands, -160 to
# 160 points), then by its angle and offset (17 x 13); a band's entry
# carries its palette slot in bits 10-12. Written by scripts/elecaircombat-art.mjs.
153 153 153 153 153 153 153 153 153 153 153 153 153 153 153 153
153 153 153 153 153 153 153 153 153 153 153 153 153 153 153 153
153 153 153 153 153 153 153 153 153 152 152 152 152 152 152 152
152 152 151 151 151 151 151 151 151 151 151 150 150 150 150 150
150 150 150 150 149 149 149 149 149 149 149 149 149 148 148 148
148 148 148 148 148 148 7320 7320 7320 7320 7320 7320 7320 7320 7320 7319
7319 7319 7319 7319 7319 7319 7319 7318 7318 7318 7318 7318 7318 7318 7318 7317
7317 7317 7317 7317 7317 7317 7317 7316 7316 7316 7316 7316 7316 7316 7316 7169
7169 7169 7169 7169 7169 7169 7169 7315 7315 7315 7315 7315 7315 7315 7179 7179
7179 7179 7179 7179 7179 1 1 1 1 1 1 1 1 2 3 4
5 6 7 8 9 10 11 11 11 11 11 11 11 5131 5131 5131
5131 5131 5131 5131 5131 5267 5267 5267 5267 5267 5267 5267 5267 5121 5121 5121
5121 5121 5121 5121 5121 5121 5268 5268 5268 5268 5268 5268 5268 5268 5268 5269
5269 5269 5269 5269 5269 5269 5269 5269 5269 5270 5270 5270 5270 5270 5270 5270
5270 5270 5270 5271 5271 5271 5271 5271 5271 5271 5271 5271 5272 5272 5272 5272
5272 5272 5272 5272 5272 5272 5273 5273 5273 5273 5273 5273 5273 5273 5273 5273
5273 154 154 154 154 154 154 154 154 154 154 155 155 155 155 155
155 155 155 155 155 155 156 156 156 156 156 156 156 156 156 156
157 157 157 157 157 157 157 157 157 157 157 158 158 158 158 158
158 158 158 158 158 158 0 0 0 0 0 0 0 0 0 0
0 1 1 1 2 3 4 5 6 7 8 9 10 11 1 1
1 2 12 13 14 15 16 17 18 19 11 1 1 20 21 22
23 24 25 26 27 18 28 11 1 1 20 29 30 31 32 33
34 35 36 37 38 1 1 20 39 40 41 42 43 44 45 46
37 38 1 1 47 48 49 50 51 52 53 54 46 55 38 1
1 47 56 57 58 59 60 61 62 63 55 38 1 64 47 56
65 66 67 68 69 70 71 72 38 1 64 47 73 74 75 76
77 78 79 80 72 38 1 64 47 81 82 83 84 85 86 87
88 72 38 1 1 47 81 89 90 91 92 93 94 95 96 38
1 1 47 97 98 99 100 101 102 103 104 96 38 1 1 105
106 107 108 109 110 111 112 104 113 38 1 1 105 114 115 116
117 118 119 120 121 113 38 1 1 105 122 123 124 125 126 127
128 129 130 11 1 1 1 131 132 133 134 135 136 137 129 138
11 1 1 1 131 139 140 141 142 143 144 145 146 11
