# ELECLANCE stage script: row kind x parameter (scripts/eleclance/stage.mjs wrote it).
# Rows from the stage picture's top; a line runs when the screen's top reaches its row.
# Kinds: 1 mote, 2 dart, 3 pike, 4 halberd, 5 warden, 6 rock, 8 turret,
#        9 prism, 10 serpent, 12 spinner,
#        20 speed (x sixteenths a frame), 21 BASTION, 22 ZENITH, 23 pickup (p 0 bomb, 1 ship, 2 power).
# A parameter's high byte is where a foe comes in (a row of the screen), 0 for above it.
566 1 110 0  # the launch
562 1 160 0
558 1 210 0
552 1 40 10241
551 1 40 10241
550 1 40 10241
549 1 40 10241
548 1 40 10241
548 23 160 2  # the first power
540 1 280 16386
539 1 280 16386
538 1 280 16386
537 1 280 16386
536 1 280 16386
530 2 80 0  # the nebula
530 2 240 0
527 2 120 0
527 2 200 0
520 3 112 40
518 3 208 60
510 1 70 0
510 1 100 0
509 1 130 0
509 1 160 0
508 1 190 0
508 1 220 0
507 1 250 0
506 12 90 0
504 12 230 0
500 4 160 0
492 9 160 40
486 2 60 0
486 2 260 0
483 2 100 0
483 2 220 0
478 10 120 0
470 1 40 7681
469 1 40 7681
468 1 40 7681
467 1 40 7681
466 1 40 7681
465 1 40 7681
462 1 280 12802
461 1 280 12802
460 1 280 12802
459 1 280 12802
458 1 280 12802
457 1 280 12802
450 3 90 30
450 3 230 30
447 3 160 70
440 23 160 0
436 23 100 2
430 4 110 0
426 1 150 0
426 1 174 0
425 1 198 0
425 1 222 0
424 1 246 0
410 6 100 0  # the belt
406 6 220 0
402 6 160 0
400 12 70 0
399 12 160 0
398 12 250 0
396 5 160 0
388 9 100 30
388 9 220 30
380 2 70 0
379 2 250 0
378 2 110 0
377 2 210 0
372 6 80 0
370 6 240 0
366 6 150 0
362 10 200 0
356 4 210 0
350 3 90 50
350 3 230 50
340 1 40 10241
339 1 40 10241
338 1 40 10241
338 1 280 17922
337 1 40 10241
337 1 280 17922
336 1 40 10241
336 1 280 17922
335 1 280 17922
334 1 280 17922
330 6 120 0
328 6 200 0
312 21 0 0  # BASTION
252 20 16 0  # the station
248 8 130 0
248 8 190 0
244 9 160 50
240 2 90 0
240 2 230 0
236 8 110 0
236 8 210 0
228 1 40 7681
227 1 40 7681
226 1 40 7681
226 12 80 0
226 12 240 0
225 1 40 7681
224 1 40 7681
223 1 40 7681
220 4 160 0
210 8 120 0
210 8 200 0
208 8 160 0
200 1 80 0
200 1 112 0
199 1 144 0
199 1 176 0
198 1 208 0
198 1 240 0
196 10 100 0
190 5 160 0
180 8 100 0
180 8 220 0
176 9 110 40
176 9 210 40
170 1 280 10242
169 1 280 10242
168 1 280 10242
167 1 280 10242
166 1 280 10242
165 1 280 10242
160 4 100 0
160 4 220 0
150 8 130 0
150 8 190 0
150 23 200 2
140 2 70 0
140 2 250 0
139 2 120 0
139 2 200 0
130 3 90 40
130 3 160 70
130 3 230 40
120 23 160 1
110 1 40 12801
110 1 280 7682
109 1 40 12801
109 1 280 7682
108 1 40 12801
108 1 280 7682
107 1 40 12801
107 1 280 7682
106 1 40 12801
106 1 280 7682
105 1 40 12801
105 1 280 7682
100 4 110 0
98 4 210 0
90 8 120 0
90 8 200 0
80 1 70 0
80 1 100 0
79 1 130 0
79 1 160 0
78 1 190 0
78 1 220 0
77 1 250 0
72 20 8 0  # beyond
66 22 0 0  # ZENITH
65535 0 0 0
