# S2 RUSH: where each pose row's cells are (art/cells.png, 16 x 16 each) and
# where each is drawn. Written by scripts/elecfighter-art.mjs with the drawing. A row of 34 words:
#   first cell, count (at most 32: the room each fighter streams into), then 32 places, a cell
#   each: dx & 255 | (dy & 255) << 8, its top left from the feet (facing right; FLIP_H mirrors).
# The rows of poses.txt (61), then the KO's pieces of the slot's own mesh (a cell each).
0 11 43774 47854 47870 51950 51966 56062 60142 60158 64238 64254 64014 0 0 0 0 0 0 0 0 0 0 0 0 0 0 0 0 0 0 0 0 0 # 0 stand
11 9 49408 49424 53504 53520 57840 57600 61936 61696 61712 0 0 0 0 0 0 0 0 0 0 0 0 0 0 0 0 0 0 0 0 0 0 0 # 1 crouch
20 10 46598 50934 50694 50710 55030 54790 59126 58886 63222 62982 0 0 0 0 0 0 0 0 0 0 0 0 0 0 0 0 0 0 0 0 0 0 # 2 prejump
30 9 44803 49139 48899 53235 52995 57331 57091 61427 61187 0 0 0 0 0 0 0 0 0 0 0 0 0 0 0 0 0 0 0 0 0 0 0 # 3 jump
20 10 46598 50934 50694 50710 55030 54790 59126 58886 63222 62982 0 0 0 0 0 0 0 0 0 0 0 0 0 0 0 0 0 0 0 0 0 0 # 4 prejump
39 12 45015 45031 45047 49127 49143 53239 57335 57095 61415 61431 61191 65287 0 0 0 0 0 0 0 0 0 0 0 0 0 0 0 0 0 0 0 0 # 5 hit
51 11 47591 47607 51687 51703 55799 55559 59879 59895 59655 63991 63751 0 0 0 0 0 0 0 0 0 0 0 0 0 0 0 0 0 0 0 0 0 # 6 hitc
62 11 43765 43525 47861 47621 51957 56053 55813 60149 59909 64245 64005 0 0 0 0 0 0 0 0 0 0 0 0 0 0 0 0 0 0 0 0 0 # 7 guard
73 9 49155 49171 53491 53251 57587 57347 61683 61443 61459 0 0 0 0 0 0 0 0 0 0 0 0 0 0 0 0 0 0 0 0 0 0 0 # 8 guardc
82 8 61388 61404 61420 61436 61196 61212 65292 65308 0 0 0 0 0 0 0 0 0 0 0 0 0 0 0 0 0 0 0 0 0 0 0 0 # 9 down
90 9 48649 52985 52745 57065 57081 56841 61161 61177 60937 0 0 0 0 0 0 0 0 0 0 0 0 0 0 0 0 0 0 0 0 0 0 0 # 10 wake
99 12 49371 49387 49403 53467 53483 53499 53259 57595 57355 61451 61467 11 0 0 0 0 0 0 0 0 0 0 0 0 0 0 0 0 0 0 0 0 # 11 air
111 12 41980 46076 45836 50172 49932 54252 54268 58364 58124 62444 62460 62220 0 0 0 0 0 0 0 0 0 0 0 0 0 0 0 0 0 0 0 0 # 12 lp0
123 13 42229 41989 46325 46085 46101 50421 50181 54517 54277 58613 58373 62709 62469 0 0 0 0 0 0 0 0 0 0 0 0 0 0 0 0 0 0 0 # 13 lp
111 12 41980 46076 45836 50172 49932 54252 54268 58364 58124 62444 62460 62220 0 0 0 0 0 0 0 0 0 0 0 0 0 0 0 0 0 0 0 0 # 14 lp0
136 12 43509 43269 47605 47365 51701 51461 55797 55557 59893 59653 63989 63749 0 0 0 0 0 0 0 0 0 0 0 0 0 0 0 0 0 0 0 0 # 15 hp0
148 15 45308 45068 45084 45100 49404 49164 49180 53500 53260 57580 57596 57356 61676 61452 61468 0 0 0 0 0 0 0 0 0 0 0 0 0 0 0 0 0 # 16 hp
163 14 44285 44045 48381 48141 48157 52477 56573 56333 60653 60669 60429 64749 64765 64525 0 0 0 0 0 0 0 0 0 0 0 0 0 0 0 0 0 0 # 17 hp2
177 10 42231 46327 46087 50423 50183 54519 54279 58615 58375 62711 0 0 0 0 0 0 0 0 0 0 0 0 0 0 0 0 0 0 0 0 0 0 # 18 lk0
187 13 42486 46582 46342 50678 50438 54774 54534 54550 58870 58630 58646 62966 62726 0 0 0 0 0 0 0 0 0 0 0 0 0 0 0 0 0 0 0 # 19 lk
177 10 42231 46327 46087 50423 50183 54519 54279 58615 58375 62711 0 0 0 0 0 0 0 0 0 0 0 0 0 0 0 0 0 0 0 0 0 0 # 20 lk0
200 12 42229 46325 46085 50421 50181 50197 54517 54277 58613 58373 62709 62469 0 0 0 0 0 0 0 0 0 0 0 0 0 0 0 0 0 0 0 0 # 21 hk0
212 12 42235 46315 46331 46107 50411 50427 50187 50203 54507 54523 58619 62715 0 0 0 0 0 0 0 0 0 0 0 0 0 0 0 0 0 0 0 0 # 22 hk
224 14 42221 42237 46317 46333 50413 50429 50189 54509 54525 54285 58621 58381 62701 62717 0 0 0 0 0 0 0 0 0 0 0 0 0 0 0 0 0 0 # 23 hk2
238 9 49408 49424 53504 53520 57840 57600 61936 61696 61712 0 0 0 0 0 0 0 0 0 0 0 0 0 0 0 0 0 0 0 0 0 0 0 # 24 clp0
247 10 49159 49175 53495 53255 53271 57591 57351 61671 61687 61447 0 0 0 0 0 0 0 0 0 0 0 0 0 0 0 0 0 0 0 0 0 0 # 25 clp
238 9 49408 49424 53504 53520 57840 57600 61936 61696 61712 0 0 0 0 0 0 0 0 0 0 0 0 0 0 0 0 0 0 0 0 0 0 0 # 26 clp0
257 9 49159 49175 53495 53255 57591 57351 61671 61687 61447 0 0 0 0 0 0 0 0 0 0 0 0 0 0 0 0 0 0 0 0 0 0 0 # 27 chp0
266 13 41214 40974 45310 45070 49390 49406 53486 53502 57598 57358 61678 61694 61454 0 0 0 0 0 0 0 0 0 0 0 0 0 0 0 0 0 0 0 # 28 chp
279 11 45305 45065 49401 49161 53497 53257 57593 57353 61673 61689 61449 0 0 0 0 0 0 0 0 0 0 0 0 0 0 0 0 0 0 0 0 0 # 29 chp2
290 10 50941 50701 55037 54797 59117 59133 58893 63213 63229 62989 0 0 0 0 0 0 0 0 0 0 0 0 0 0 0 0 0 0 0 0 0 0 # 30 clk0
300 11 49666 49682 54002 53762 58098 57858 57874 62194 61954 61970 61986 0 0 0 0 0 0 0 0 0 0 0 0 0 0 0 0 0 0 0 0 0 # 31 clk
290 10 50941 50701 55037 54797 59117 59133 58893 63213 63229 62989 0 0 0 0 0 0 0 0 0 0 0 0 0 0 0 0 0 0 0 0 0 0 # 32 clk0
311 8 51192 50952 55288 55048 59384 59144 63480 63240 0 0 0 0 0 0 0 0 0 0 0 0 0 0 0 0 0 0 0 0 0 0 0 0 # 33 chk0
319 11 51699 51459 55795 55555 59891 59651 59667 63987 63747 63763 63779 0 0 0 0 0 0 0 0 0 0 0 0 0 0 0 0 0 0 0 0 0 # 34 chk
330 9 50168 49928 54264 54024 58360 58120 58136 62216 62232 0 0 0 0 0 0 0 0 0 0 0 0 0 0 0 0 0 0 0 0 0 0 0 # 35 chk2
30 9 44803 49139 48899 53235 52995 57331 57091 61427 61187 0 0 0 0 0 0 0 0 0 0 0 0 0 0 0 0 0 0 0 0 0 0 0 # 36 jump
339 10 44805 49141 48901 53237 52997 53013 57333 57093 61429 61189 0 0 0 0 0 0 0 0 0 0 0 0 0 0 0 0 0 0 0 0 0 0 # 37 jlp
30 9 44803 49139 48899 53235 52995 57331 57091 61427 61187 0 0 0 0 0 0 0 0 0 0 0 0 0 0 0 0 0 0 0 0 0 0 0 # 38 jump
349 9 45047 49143 48903 53239 52999 57335 57095 61431 61191 0 0 0 0 0 0 0 0 0 0 0 0 0 0 0 0 0 0 0 0 0 0 0 # 39 jhp0
358 11 45317 49653 49413 49429 53749 53509 53525 57845 57605 61941 61701 0 0 0 0 0 0 0 0 0 0 0 0 0 0 0 0 0 0 0 0 0 # 40 jhp
349 9 45047 49143 48903 53239 52999 57335 57095 61431 61191 0 0 0 0 0 0 0 0 0 0 0 0 0 0 0 0 0 0 0 0 0 0 0 # 41 jhp0
30 9 44803 49139 48899 53235 52995 57331 57091 61427 61187 0 0 0 0 0 0 0 0 0 0 0 0 0 0 0 0 0 0 0 0 0 0 0 # 42 jump
369 11 44287 48367 48383 52463 52479 56575 56335 60655 60671 60431 64527 0 0 0 0 0 0 0 0 0 0 0 0 0 0 0 0 0 0 0 0 0 # 43 jlk
30 9 44803 49139 48899 53235 52995 57331 57091 61427 61187 0 0 0 0 0 0 0 0 0 0 0 0 0 0 0 0 0 0 0 0 0 0 0 # 44 jump
30 9 44803 49139 48899 53235 52995 57331 57091 61427 61187 0 0 0 0 0 0 0 0 0 0 0 0 0 0 0 0 0 0 0 0 0 0 0 # 45 jump
380 12 44019 48099 48115 47875 52211 51971 56307 56067 56083 60163 60179 64275 0 0 0 0 0 0 0 0 0 0 0 0 0 0 0 0 0 0 0 0 # 46 jhk
30 9 44803 49139 48899 53235 52995 57331 57091 61427 61187 0 0 0 0 0 0 0 0 0 0 0 0 0 0 0 0 0 0 0 0 0 0 0 # 47 jump
392 12 44032 44048 48128 48144 52464 52224 56320 60656 60416 64752 64512 64528 0 0 0 0 0 0 0 0 0 0 0 0 0 0 0 0 0 0 0 0 # 48 throw0
404 12 44803 49139 48899 48915 53235 52995 57331 57091 61427 61187 65283 65299 0 0 0 0 0 0 0 0 0 0 0 0 0 0 0 0 0 0 0 0 # 49 throw
416 13 41977 46057 46073 45833 50153 50169 54249 54265 58361 58121 62441 62457 62217 0 0 0 0 0 0 0 0 0 0 0 0 0 0 0 0 0 0 0 # 50 throw2
429 11 43774 47854 47870 51950 51966 56062 60142 60158 64238 64254 64014 0 0 0 0 0 0 0 0 0 0 0 0 0 0 0 0 0 0 0 0 0 # 51 walk1
440 11 41214 45310 49390 49406 53486 53502 57598 57358 61678 61694 61454 0 0 0 0 0 0 0 0 0 0 0 0 0 0 0 0 0 0 0 0 0 # 52 walk2
451 12 42753 47089 46849 51185 50945 55281 55041 59377 59137 63473 63233 63249 0 0 0 0 0 0 0 0 0 0 0 0 0 0 0 0 0 0 0 0 # 53 walk3
463 11 40191 44287 48367 48383 52463 52479 56575 60655 60671 64767 64527 0 0 0 0 0 0 0 0 0 0 0 0 0 0 0 0 0 0 0 0 0 # 54 walk4
474 11 41729 46065 45825 50161 49921 54257 54017 58353 58113 62449 62209 0 0 0 0 0 0 0 0 0 0 0 0 0 0 0 0 0 0 0 0 0 # 55 fall
485 13 40457 44793 44553 48889 48649 52985 52745 57081 56841 61161 61177 60937 60953 0 0 0 0 0 0 0 0 0 0 0 0 0 0 0 0 0 0 0 # 56 dash
498 11 42481 46577 46337 50673 50433 54769 54529 58865 58625 62961 62721 0 0 0 0 0 0 0 0 0 0 0 0 0 0 0 0 0 0 0 0 0 # 57 backdash
509 10 46853 46869 51189 50949 55285 55045 59381 59141 63477 63237 0 0 0 0 0 0 0 0 0 0 0 0 0 0 0 0 0 0 0 0 0 0 # 58 thrown
519 10 38392 42472 42488 46584 50680 50440 54776 58872 62968 62728 0 0 0 0 0 0 0 0 0 0 0 0 0 0 0 0 0 0 0 0 0 0 # 59 win
529 12 43253 43013 47349 47109 51445 51205 55541 55301 59637 59397 63733 63493 0 0 0 0 0 0 0 0 0 0 0 0 0 0 0 0 0 0 0 0 # 60 idle
541 19 51944 56061 57606 50145 53489 55289 50155 57606 52465 50160 55305 64018 60945 60944 55282 51164 57619 56082 59408 0 0 0 0 0 0 0 0 0 0 0 0 0 # 61 ko pieces
