# Boxes set by hand, laid over the ones scripts/elecfighter-art.mjs drafts from the drawings
# (design 2.5). The script never writes this file once it is there: a redraw keeps them.
#   row box x top w h   (box 0 the body, 1-3 hurt, 4-5 hit; x ahead of the feet, top above
#   them; w 0 is none). The body boxes are all here: only the push between fighters reads them.
0 0 -13 88 26 88
1 0 -13 60 26 60
2 0 -13 60 26 60
3 0 -13 72 26 72
4 0 -13 60 26 60
5 0 -13 88 26 88
6 0 -13 60 26 60
7 0 -13 88 26 88
8 0 -13 60 26 60
9 0 -24 16 48 16
10 0 -13 60 26 60
11 0 -20 40 40 30
12 0 -13 88 26 88
13 0 -13 88 26 88
14 0 -13 88 26 88
15 0 -13 88 26 88
16 0 -13 88 26 88
17 0 -13 88 26 88
18 0 -13 88 26 88
19 0 -13 88 26 88
20 0 -13 88 26 88
21 0 -13 88 26 88
22 0 -13 88 26 88
23 0 -13 88 26 88
24 0 -13 60 26 60
25 0 -13 60 26 60
26 0 -13 60 26 60
27 0 -13 60 26 60
28 0 -13 60 26 60
29 0 -13 60 26 60
30 0 -13 60 26 60
31 0 -13 60 26 60
32 0 -13 60 26 60
33 0 -13 60 26 60
34 0 -13 60 26 60
35 0 -13 60 26 60
36 0 -13 72 26 72
37 0 -13 72 26 72
38 0 -13 72 26 72
39 0 -13 72 26 72
40 0 -13 72 26 72
41 0 -13 72 26 72
42 0 -13 72 26 72
43 0 -13 72 26 72
44 0 -13 72 26 72
45 0 -13 72 26 72
46 0 -13 72 26 72
47 0 -13 72 26 72
48 0 -13 88 26 88
49 0 -13 88 26 88
50 0 -13 88 26 88
51 0 -13 88 26 88
52 0 -13 88 26 88
53 0 -13 88 26 88
54 0 -13 88 26 88
55 0 -13 72 26 72
56 0 -13 88 26 88
57 0 -13 88 26 88
58 0 -13 88 26 88
59 0 -13 88 26 88
60 0 -13 88 26 88
