# S2 RUSH: its poses' boxes (design 2.5, 7.5), a row of 24 words each: the body
# box, three hurt boxes, two hit boxes. A box is x (ahead of the feet), top (height above the
# feet), w, h; w 0 is none. Written by scripts/elecfighter-art.mjs: hurt and hit boxes drafted
# from the posed model's parts in the row's picture (poses.json `rows`), then boxes.txt (set by
# hand, never written by the script) laid over them. Edit boxes.txt, not this file.
-13 88 26 88 -4 86 18 37 -11 62 32 62 0 0 0 0 0 0 0 0 0 0 0 0 # 0 stand (stand)
-13 60 26 60 -1 60 29 36 -13 38 36 38 0 0 0 0 0 0 0 0 0 0 0 0 # 1 crouch (crouch)
-13 60 26 60 -2 71 27 34 -10 50 31 50 0 0 0 0 0 0 0 0 0 0 0 0 # 2 prejump (prejump)
-13 72 26 72 -3 79 19 36 -8 56 27 55 0 0 0 0 0 0 0 0 0 0 0 0 # 3 jump (jump)
-13 60 26 60 -2 71 27 34 -10 50 31 50 0 0 0 0 0 0 0 0 0 0 0 0 # 4 land (prejump)
-13 88 26 88 -27 81 34 34 -15 63 38 63 0 0 0 0 0 0 0 0 0 0 0 0 # 5 hit (hit)
-13 60 26 60 -17 60 24 29 -13 44 36 44 0 0 0 0 0 0 0 0 0 0 0 0 # 6 hit crouching (hitc)
-13 88 26 88 -5 84 24 36 -11 61 32 61 0 0 0 0 0 0 0 0 0 0 0 0 # 7 guard (guard)
-13 60 26 60 -4 60 29 31 -13 43 36 43 0 0 0 0 0 0 0 0 0 0 0 0 # 8 guard crouching (guardc)
-24 16 48 16 0 0 0 0 0 0 0 0 0 0 0 0 0 0 0 0 0 0 0 0 # 9 down (down)
-13 60 26 60 0 0 0 0 0 0 0 0 0 0 0 0 0 0 0 0 0 0 0 0 # 10 wake (wake)
-20 40 40 30 -36 62 35 27 -15 50 49 50 0 0 0 0 0 0 0 0 0 0 0 0 # 11 falling hit (air)
-13 88 26 88 -3 85 27 36 -11 61 32 61 0 0 0 0 0 0 0 0 0 0 0 0 # 12 sLP startup (lp0)
-13 88 26 88 -2 85 16 37 -11 61 32 61 0 0 0 0 10 73 24 12 0 0 0 0 # 13 sLP active (lp)
-13 88 26 88 -3 85 27 36 -11 61 32 61 0 0 0 0 0 0 0 0 0 0 0 0 # 14 sLP recovery (lp0)
-13 88 26 88 -5 84 20 37 -11 60 32 60 0 0 0 0 0 0 0 0 0 0 0 0 # 15 sHP startup (hp0)
-13 88 26 88 0 78 19 33 -20 59 50 59 0 0 0 0 18 70 32 9 0 0 0 0 # 16 sHP active (hp)
-13 88 26 88 0 81 19 35 -17 60 45 60 15 70 16 17 0 0 0 0 0 0 0 0 # 17 sHP recovery (hp2)
-13 88 26 88 -5 87 20 37 -8 63 29 63 0 0 0 0 0 0 0 0 0 0 0 0 # 18 sLK startup (lk0)
-13 88 26 88 -10 88 26 38 -8 63 18 63 0 0 0 0 10 47 28 31 0 0 0 0 # 19 sLK active (lk)
-13 88 26 88 -5 87 20 37 -8 63 29 63 0 0 0 0 0 0 0 0 0 0 0 0 # 20 sLK recovery (lk0)
-13 88 26 88 -11 89 29 38 -7 63 30 63 0 0 0 0 0 0 0 0 0 0 0 0 # 21 sHK startup (hk0)
-13 88 26 88 -18 89 28 40 -10 66 15 66 0 0 0 0 10 64 27 22 0 0 0 0 # 22 sHK active (hk)
-13 88 26 88 -16 89 26 37 -9 63 16 63 -2 49 31 36 0 0 0 0 0 0 0 0 # 23 sHK recovery (hk2)
-13 60 26 60 -1 60 29 36 -13 38 36 38 0 0 0 0 0 0 0 0 0 0 0 0 # 24 cLP startup (clp0)
-13 60 26 60 -1 60 26 31 -13 43 36 43 0 0 0 0 11 46 26 14 0 0 0 0 # 25 cLP active (clp)
-13 60 26 60 -1 60 29 36 -13 38 36 38 0 0 0 0 0 0 0 0 0 0 0 0 # 26 cLP recovery (clp0)
-13 60 26 60 -13 60 39 32 -13 28 39 28 0 0 0 0 0 0 0 0 0 0 0 0 # 27 cHP startup (chp0)
-13 60 26 60 -15 79 40 51 -15 28 40 28 0 0 0 0 10 91 8 31 0 0 0 0 # 28 cHP active (chp)
-13 60 26 60 -2 70 22 35 -14 49 37 49 10 69 15 16 0 0 0 0 0 0 0 0 # 29 cHP recovery (chp2)
-13 60 26 60 -1 60 29 36 -13 38 42 38 0 0 0 0 0 0 0 0 0 0 0 0 # 30 cLK startup (clk0)
-13 60 26 60 -3 60 27 32 -13 42 29 42 0 0 0 0 10 27 33 27 0 0 0 0 # 31 cLK active (clk)
-13 60 26 60 -1 60 29 36 -13 38 42 38 0 0 0 0 0 0 0 0 0 0 0 0 # 32 cLK recovery (clk0)
-13 60 26 60 -2 60 26 56 -7 39 30 39 0 0 0 0 0 0 0 0 0 0 0 0 # 33 cHK startup (chk0)
-13 60 26 60 -5 60 22 56 -10 34 22 34 0 0 0 0 10 21 35 21 0 0 0 0 # 34 cHK active (chk)
-13 60 26 60 -3 60 25 53 -8 42 32 39 -2 33 31 33 0 0 0 0 0 0 0 0 # 35 cHK recovery (chk2)
-13 72 26 72 -3 79 19 36 -8 56 27 55 0 0 0 0 0 0 0 0 0 0 0 0 # 36 jLP startup (jump)
-13 72 26 72 -2 78 21 35 -8 56 27 55 0 0 0 0 10 62 23 28 0 0 0 0 # 37 jLP active (jlp)
-13 72 26 72 -3 79 19 36 -8 56 27 55 0 0 0 0 0 0 0 0 0 0 0 0 # 38 jLP recovery (jump)
-13 72 26 72 -7 81 23 37 -8 56 27 55 0 0 0 0 0 0 0 0 0 0 0 0 # 39 jHP startup (jhp0)
-13 72 26 72 -7 73 25 32 -9 55 28 54 0 0 0 0 14 60 23 30 0 0 0 0 # 40 jHP active (jhp)
-13 72 26 72 -7 81 23 37 -8 56 27 55 0 0 0 0 0 0 0 0 0 0 0 0 # 41 jHP recovery (jhp0)
-13 72 26 72 -3 79 19 36 -8 56 27 55 0 0 0 0 0 0 0 0 0 0 0 0 # 42 jLK startup (jump)
-13 72 26 72 -4 84 19 37 -8 60 26 56 0 0 0 0 10 43 21 43 0 0 0 0 # 43 jLK active (jlk)
-13 72 26 72 -3 79 19 36 -8 56 27 55 0 0 0 0 0 0 0 0 0 0 0 0 # 44 jLK recovery (jump)
-13 72 26 72 -3 79 19 36 -8 56 27 55 0 0 0 0 0 0 0 0 0 0 0 0 # 45 jHK startup (jump)
-13 72 26 72 -15 82 34 38 -9 57 25 45 0 0 0 0 10 41 25 41 0 0 0 0 # 46 jHK active (jhk)
-13 72 26 72 -3 79 19 36 -8 56 27 55 0 0 0 0 0 0 0 0 0 0 0 0 # 47 jHK recovery (jump)
-13 88 26 88 0 82 28 35 -12 60 33 60 0 0 0 0 0 0 0 0 0 0 0 0 # 48 throw startup (throw0)
-13 88 26 88 -2 80 17 35 -12 58 33 58 0 0 0 0 10 68 13 22 0 0 0 0 # 49 throw active (throw)
-13 88 26 88 -23 83 48 36 -12 59 34 59 0 0 0 0 0 0 0 0 0 0 0 0 # 50 throw recovery (throw2)
-13 88 26 88 -4 86 18 37 -11 62 32 62 0 0 0 0 0 0 0 0 0 0 0 0 # 51 walk 1 (walk1)
-13 88 26 88 -4 86 18 37 -10 62 35 62 0 0 0 0 0 0 0 0 0 0 0 0 # 52 walk 2 (walk2)
-13 88 26 88 -4 86 18 37 -13 62 40 62 0 0 0 0 0 0 0 0 0 0 0 0 # 53 walk 3 (walk3)
-13 88 26 88 -4 86 18 37 -6 62 28 62 0 0 0 0 0 0 0 0 0 0 0 0 # 54 walk 4 (walk4)
-13 72 26 72 -4 90 19 37 -12 66 29 66 0 0 0 0 0 0 0 0 0 0 0 0 # 55 jump falling (fall)
-13 88 26 88 -3 83 28 35 -18 61 49 61 0 0 0 0 0 0 0 0 0 0 0 0 # 56 dash (dash)
-13 88 26 88 -14 88 31 37 -15 64 32 64 0 0 0 0 0 0 0 0 0 0 0 0 # 57 backdash (backdash)
-13 88 26 88 -2 70 34 35 -11 59 32 59 0 0 0 0 0 0 0 0 0 0 0 0 # 58 thrown (thrown)
-13 88 26 88 -11 104 23 55 -7 66 22 66 0 0 0 0 0 0 0 0 0 0 0 0 # 59 win (win)
-13 88 26 88 -4 85 18 37 -11 61 32 61 0 0 0 0 0 0 0 0 0 0 0 0 # 60 idle (idle)
