# S4 REACH: where each pose row's cells are (art/cells.png, 16 x 16 each) and
# where each is drawn. Written by scripts/elecfighter-art.mjs with the drawing. A row of 34 words:
#   first cell, count (at most 32: the room each fighter streams into), then 32 places, a cell
#   each: dx & 255 | (dy & 255) << 8, its top left from the feet (facing right; FLIP_H mirrors).
# The rows of poses.txt (61), then the KO's pieces of the slot's own mesh (a cell each),
# cut from the poses down and air, then the in-between pictures (fighters/frames.txt).
0 14 37880 37640 41976 41736 46072 45832 50168 54264 54024 58360 58120 62440 62456 62216 0 0 0 0 0 0 0 0 0 0 0 0 0 0 0 0 0 0 # 0 stand
14 11 48894 48654 48670 52990 52750 57070 57086 56846 61166 61182 60942 0 0 0 0 0 0 0 0 0 0 0 0 0 0 0 0 0 0 0 0 0 # 1 crouch
25 13 41224 45560 45320 45336 49656 49416 53752 53512 57848 57608 61928 61944 61704 0 0 0 0 0 0 0 0 0 0 0 0 0 0 0 0 0 0 0 # 2 prejump
38 12 41463 41223 45559 45319 49655 49415 53751 53511 57847 57607 61943 61703 0 0 0 0 0 0 0 0 0 0 0 0 0 0 0 0 0 0 0 0 # 3 jump
25 13 41224 45560 45320 45336 49656 49416 53752 53512 57848 57608 61928 61944 61704 0 0 0 0 0 0 0 0 0 0 0 0 0 0 0 0 0 0 0 # 4 prejump
50 16 40155 40171 44267 44283 48363 48379 52459 52475 56555 56571 56331 60651 60667 60427 64763 64523 0 0 0 0 0 0 0 0 0 0 0 0 0 0 0 0 # 5 hit
66 13 45035 45051 49131 49147 53227 53243 53003 57323 57339 57099 61419 61435 61195 0 0 0 0 0 0 0 0 0 0 0 0 0 0 0 0 0 0 0 # 6 hitc
79 15 39682 44018 43778 43794 48114 47874 52210 51970 56306 56066 60402 60162 64498 64258 64274 0 0 0 0 0 0 0 0 0 0 0 0 0 0 0 0 0 # 7 guard
94 12 46852 46868 51188 50948 55284 55044 59364 59380 59140 63476 63236 63252 0 0 0 0 0 0 0 0 0 0 0 0 0 0 0 0 0 0 0 0 # 8 guardc
106 11 56292 60356 60372 60388 60404 60164 60180 60196 64484 64276 64292 0 0 0 0 0 0 0 0 0 0 0 0 0 0 0 0 0 0 0 0 0 # 9 down
117 12 44044 48380 48140 52460 52476 52236 56556 56572 56332 60652 60668 60428 0 0 0 0 0 0 0 0 0 0 0 0 0 0 0 0 0 0 0 0 # 10 wake
129 15 45775 45791 45807 49871 49887 49903 49919 49679 53999 54015 53775 57871 57887 61967 61983 0 0 0 0 0 0 0 0 0 0 0 0 0 0 0 0 0 # 11 air
144 14 37369 37129 41465 41225 45561 45321 49657 53753 53513 57849 57609 61929 61945 61705 0 0 0 0 0 0 0 0 0 0 0 0 0 0 0 0 0 0 # 12 lp0
158 17 40182 39942 44278 44038 44054 44070 48374 48134 52470 52230 56566 56326 60646 60662 60422 64518 64534 0 0 0 0 0 0 0 0 0 0 0 0 0 0 0 # 13 lp
144 14 37369 37129 41465 41225 45561 45321 49657 53753 53513 57849 57609 61929 61945 61705 0 0 0 0 0 0 0 0 0 0 0 0 0 0 0 0 0 0 # 14 lp0
175 14 37122 41458 41218 45554 45314 49650 49410 53746 53506 57842 57602 61938 61698 61714 0 0 0 0 0 0 0 0 0 0 0 0 0 0 0 0 0 0 # 15 hp0
189 19 41226 41242 41258 41274 45562 45322 45338 45354 49658 49418 53754 53514 57834 57850 57610 61914 61930 61706 61722 0 0 0 0 0 0 0 0 0 0 0 0 0 # 16 hp
208 17 40967 40983 45303 45063 45079 49399 49159 49175 53495 53255 57575 57591 57351 61671 61687 61447 61463 0 0 0 0 0 0 0 0 0 0 0 0 0 0 0 # 17 hp2
225 13 38646 42742 42502 46838 46598 50934 50694 55030 54790 59126 58886 63222 62982 0 0 0 0 0 0 0 0 0 0 0 0 0 0 0 0 0 0 0 # 18 lk0
238 18 38631 42727 42743 42503 46823 46839 46599 50919 50935 50695 50711 50727 55031 54807 54823 59127 63207 63223 0 0 0 0 0 0 0 0 0 0 0 0 0 0 # 19 lk
225 13 38646 42742 42502 46838 46598 50934 50694 55030 54790 59126 58886 63222 62982 0 0 0 0 0 0 0 0 0 0 0 0 0 0 0 0 0 0 0 # 20 lk0
256 15 39160 38920 43240 43256 43016 47352 47112 47128 51448 51208 55544 55304 59640 63736 63496 0 0 0 0 0 0 0 0 0 0 0 0 0 0 0 0 0 # 21 hk0
271 17 41207 40967 40983 40999 45287 45303 45063 45079 45095 49367 49383 49399 49159 53495 57591 61671 61687 0 0 0 0 0 0 0 0 0 0 0 0 0 0 0 # 22 hk
288 18 38126 38142 42222 42238 46302 46318 46334 50414 50430 50190 50206 54510 54526 54286 58622 58382 62702 62718 0 0 0 0 0 0 0 0 0 0 0 0 0 0 # 23 hk2
306 11 48891 48651 48667 52987 52747 57067 57083 56843 61163 61179 60939 0 0 0 0 0 0 0 0 0 0 0 0 0 0 0 0 0 0 0 0 0 # 24 clp0
317 14 46594 46610 50930 50690 50706 50722 55026 54786 59122 58882 58898 63218 62978 62994 0 0 0 0 0 0 0 0 0 0 0 0 0 0 0 0 0 0 # 25 clp
306 11 48891 48651 48667 52987 52747 57067 57083 56843 61163 61179 60939 0 0 0 0 0 0 0 0 0 0 0 0 0 0 0 0 0 0 0 0 0 # 26 clp0
331 12 46605 50941 50701 55021 55037 54797 59117 59133 58893 63213 63229 62989 0 0 0 0 0 0 0 0 0 0 0 0 0 0 0 0 0 0 0 0 # 27 chp0
343 17 36366 40702 40462 44782 44798 44558 48878 48894 52974 52990 52750 57070 57086 56846 61166 61182 60942 0 0 0 0 0 0 0 0 0 0 0 0 0 0 0 # 28 chp
360 14 44537 44297 44313 48633 48393 52729 52489 56825 56585 60905 60921 60681 60697 64777 0 0 0 0 0 0 0 0 0 0 0 0 0 0 0 0 0 0 # 29 chp2
374 11 48894 48654 48670 52990 52750 57070 57086 56846 61166 61182 60942 0 0 0 0 0 0 0 0 0 0 0 0 0 0 0 0 0 0 0 0 0 # 30 clk0
385 13 46856 51192 50952 55288 55048 59368 59384 59144 59160 59176 63480 63256 63272 0 0 0 0 0 0 0 0 0 0 0 0 0 0 0 0 0 0 0 # 31 clk
374 11 48894 48654 48670 52990 52750 57070 57086 56846 61166 61182 60942 0 0 0 0 0 0 0 0 0 0 0 0 0 0 0 0 0 0 0 0 0 # 32 clk0
398 11 48637 48397 52733 52493 56813 56829 56589 60909 60925 60685 64781 0 0 0 0 0 0 0 0 0 0 0 0 0 0 0 0 0 0 0 0 0 # 33 chk0
409 12 51198 50958 55294 55054 59390 59150 59166 59182 63486 63246 63278 63294 0 0 0 0 0 0 0 0 0 0 0 0 0 0 0 0 0 0 0 0 # 34 chk
421 13 47864 47624 47640 51960 51720 51736 56056 55816 55832 59912 59928 64008 64024 0 0 0 0 0 0 0 0 0 0 0 0 0 0 0 0 0 0 0 # 35 chk2
38 12 41463 41223 45559 45319 49655 49415 53751 53511 57847 57607 61943 61703 0 0 0 0 0 0 0 0 0 0 0 0 0 0 0 0 0 0 0 0 # 36 jump
434 14 41477 45813 45573 49909 49669 49685 54005 53765 53781 53797 58101 57861 62197 61957 0 0 0 0 0 0 0 0 0 0 0 0 0 0 0 0 0 0 # 37 jlp
38 12 41463 41223 45559 45319 49655 49415 53751 53511 57847 57607 61943 61703 0 0 0 0 0 0 0 0 0 0 0 0 0 0 0 0 0 0 0 0 # 38 jump
448 12 40439 44535 44295 48631 48391 52727 52487 56823 56583 60903 60919 60679 0 0 0 0 0 0 0 0 0 0 0 0 0 0 0 0 0 0 0 0 # 39 jhp0
460 15 43510 43270 47606 47366 47382 51702 51462 51478 51494 55798 55558 55590 59894 59654 63990 0 0 0 0 0 0 0 0 0 0 0 0 0 0 0 0 0 # 40 jhp
448 12 40439 44535 44295 48631 48391 52727 52487 56823 56583 60903 60919 60679 0 0 0 0 0 0 0 0 0 0 0 0 0 0 0 0 0 0 0 0 # 41 jhp0
38 12 41463 41223 45559 45319 49655 49415 53751 53511 57847 57607 61943 61703 0 0 0 0 0 0 0 0 0 0 0 0 0 0 0 0 0 0 0 0 # 42 jump
475 14 39925 39685 44021 43781 48117 47877 52213 51973 56309 56069 56085 60405 60181 64277 0 0 0 0 0 0 0 0 0 0 0 0 0 0 0 0 0 0 # 43 jlk
38 12 41463 41223 45559 45319 49655 49415 53751 53511 57847 57607 61943 61703 0 0 0 0 0 0 0 0 0 0 0 0 0 0 0 0 0 0 0 0 # 44 jump
38 12 41463 41223 45559 45319 49655 49415 53751 53511 57847 57607 61943 61703 0 0 0 0 0 0 0 0 0 0 0 0 0 0 0 0 0 0 0 0 # 45 jump
489 16 41203 40963 45283 45299 45059 45075 49395 49155 53491 53251 53267 57347 57363 61459 61475 35 0 0 0 0 0 0 0 0 0 0 0 0 0 0 0 0 # 46 jhk
38 12 41463 41223 45559 45319 49655 49415 53751 53511 57847 57607 61943 61703 0 0 0 0 0 0 0 0 0 0 0 0 0 0 0 0 0 0 0 0 # 47 jump
505 15 40201 44537 44297 44313 48633 48393 52729 52489 56825 56585 60905 60921 60681 65017 64777 0 0 0 0 0 0 0 0 0 0 0 0 0 0 0 0 0 # 48 throw0
520 14 41467 41227 45563 45323 45339 49659 49419 53755 53515 57851 57611 61931 61947 61707 0 0 0 0 0 0 0 0 0 0 0 0 0 0 0 0 0 0 # 49 throw
534 18 38896 38656 42976 42992 42752 42768 47072 47088 46848 51184 50944 55280 55040 59376 59136 63472 63232 63248 0 0 0 0 0 0 0 0 0 0 0 0 0 0 # 50 throw2
552 15 39169 43505 43265 43281 47601 47361 51697 51457 55793 55553 59889 59649 63985 63745 63761 0 0 0 0 0 0 0 0 0 0 0 0 0 0 0 0 0 # 51 walk1
567 15 36596 36356 40692 40452 44788 44548 48884 48644 52980 52740 57076 56836 61172 60932 60948 0 0 0 0 0 0 0 0 0 0 0 0 0 0 0 0 0 # 52 walk2
582 16 36090 40186 39946 44282 44042 48378 48138 52474 52234 56570 56330 60650 60666 60426 64522 64538 0 0 0 0 0 0 0 0 0 0 0 0 0 0 0 0 # 53 walk3
598 13 39410 39170 43506 43266 47602 47362 51698 51458 55554 59890 59650 63746 63762 0 0 0 0 0 0 0 0 0 0 0 0 0 0 0 0 0 0 0 # 54 walk4
611 14 37632 41968 41728 41744 46064 45824 50160 49920 54016 58352 58112 62448 62208 62224 0 0 0 0 0 0 0 0 0 0 0 0 0 0 0 0 0 0 # 55 fall
625 15 40443 40203 40219 44539 44299 48635 48395 52731 52491 56811 56827 56587 60907 60683 60699 0 0 0 0 0 0 0 0 0 0 0 0 0 0 0 0 0 # 56 dash
640 17 38641 42737 42497 42513 46833 46593 50929 50689 55025 54785 59105 59121 58881 63201 63217 62977 62993 0 0 0 0 0 0 0 0 0 0 0 0 0 0 0 # 57 backdash
657 14 44278 44038 44054 48374 48134 52470 52230 56566 56326 60646 60662 60422 64518 64534 0 0 0 0 0 0 0 0 0 0 0 0 0 0 0 0 0 0 # 58 thrown
671 14 33271 37351 37367 41463 45559 45319 49655 49415 53751 53511 57847 57607 61943 61703 0 0 0 0 0 0 0 0 0 0 0 0 0 0 0 0 0 0 # 59 win
685 14 39682 44018 43778 48114 47874 52210 51970 56306 56066 60402 60162 64498 64258 64274 0 0 0 0 0 0 0 0 0 0 0 0 0 0 0 0 0 0 # 60 idle
699 23 59876 60633 60894 61458 62237 60166 60161 60172 61171 59888 61421 61411 60880 60643 61175 60888 61735 61454 61426 60670 60618 63006 63782 0 0 0 0 0 0 0 0 0 # 61 ko pieces (down)
722 32 46820 51696 56327 50927 48868 49388 54525 49903 46832 49641 54524 48349 53759 55563 57875 53003 59667 52987 49639 55559 63257 54520 48344 55574 50678 59674 59411 46815 56851 63766 53014 61718 # 62 ko pieces (air)
754 14 39426 43762 43522 47858 47618 51954 51714 56050 55810 60146 59906 64242 64002 64018 0 0 0 0 0 0 0 0 0 0 0 0 0 0 0 0 0 0 # 63 in-between breath
768 15 39412 39172 43508 43268 47604 47364 51700 51460 55796 55556 59892 59652 63988 63748 63764 0 0 0 0 0 0 0 0 0 0 0 0 0 0 0 0 0 # 64 in-between walk1b
783 16 39411 39171 43507 43267 47603 47363 51699 51459 55795 55555 59891 59651 59667 63987 63747 63763 0 0 0 0 0 0 0 0 0 0 0 0 0 0 0 0 # 65 in-between walk2b
799 14 39667 39427 43763 43523 47859 47619 51955 51715 56051 55811 60147 59907 64003 64019 0 0 0 0 0 0 0 0 0 0 0 0 0 0 0 0 0 0 # 66 in-between walk3b
813 14 38913 43249 43009 43025 47345 47105 51441 51201 55297 59633 59393 63729 63489 63505 0 0 0 0 0 0 0 0 0 0 0 0 0 0 0 0 0 0 # 67 in-between walk4b
827 12 40199 44535 44295 48631 48391 52727 52487 56823 56583 60903 60919 60679 0 0 0 0 0 0 0 0 0 0 0 0 0 0 0 0 0 0 0 0 # 68 in-between takeoff
839 13 40437 40197 44533 44293 48629 48389 52725 52485 56821 56581 60901 60917 60677 0 0 0 0 0 0 0 0 0 0 0 0 0 0 0 0 0 0 0 # 69 in-between apex
852 13 40454 44790 44550 48886 48646 52982 52742 57078 56838 61158 61174 60934 65030 0 0 0 0 0 0 0 0 0 0 0 0 0 0 0 0 0 0 0 # 70 in-between land
865 16 39942 44278 44038 44054 48374 48134 52470 52230 56566 56326 60646 60662 60422 60438 64518 64534 0 0 0 0 0 0 0 0 0 0 0 0 0 0 0 0 # 71 in-between dash0
881 16 39942 44278 44038 44054 48374 48134 52470 52230 56566 56326 60646 60662 60422 60438 64518 64534 0 0 0 0 0 0 0 0 0 0 0 0 0 0 0 0 # 72 in-between dash2
897 14 37110 41206 40966 45302 45062 49398 49158 53494 53254 57590 57350 61670 61686 61446 0 0 0 0 0 0 0 0 0 0 0 0 0 0 0 0 0 0 # 73 in-between backdash0
911 14 39408 43504 43264 47600 47360 51696 51456 55792 55552 59888 59648 63984 63744 63760 0 0 0 0 0 0 0 0 0 0 0 0 0 0 0 0 0 0 # 74 in-between hit2
925 12 44791 44551 48887 48647 52983 52743 57079 56839 61159 61175 60935 60951 0 0 0 0 0 0 0 0 0 0 0 0 0 0 0 0 0 0 0 0 # 75 in-between hitc2
937 14 51407 51423 51439 55503 55519 55535 55551 55311 59631 59647 59407 59423 63503 63519 0 0 0 0 0 0 0 0 0 0 0 0 0 0 0 0 0 0 # 76 in-between knock
951 13 40455 44791 44551 48887 48647 52983 52743 57079 56839 61159 61175 60935 60951 0 0 0 0 0 0 0 0 0 0 0 0 0 0 0 0 0 0 0 # 77 in-between wake2
964 13 37368 37128 41464 45560 45320 49656 53752 53512 57848 57608 61928 61944 61704 0 0 0 0 0 0 0 0 0 0 0 0 0 0 0 0 0 0 0 # 78 in-between win0
977 16 39427 43763 43523 43539 47859 47619 47635 51955 51715 56051 55811 60147 59907 64243 64003 64019 0 0 0 0 0 0 0 0 0 0 0 0 0 0 0 0 # 79 in-between lp1
993 16 37873 41969 41729 46065 45825 45841 50161 49921 49937 54257 54017 54033 58353 58113 62449 62209 0 0 0 0 0 0 0 0 0 0 0 0 0 0 0 0 # 80 in-between lk1
1009 14 37624 37384 41720 41480 45816 45576 49912 54008 53768 58104 57864 62184 62200 61960 0 0 0 0 0 0 0 0 0 0 0 0 0 0 0 0 0 0 # 81 in-between hp0a
1023 16 40187 39947 44283 44043 48379 48139 52475 52235 56555 56571 56331 60651 60667 60427 64523 64539 0 0 0 0 0 0 0 0 0 0 0 0 0 0 0 0 # 82 in-between hp3
1039 15 40183 39943 44279 44039 48375 48135 52471 52231 56567 56327 60647 60663 60423 64519 64535 0 0 0 0 0 0 0 0 0 0 0 0 0 0 0 0 0 # 83 in-between hp4
1054 13 37369 41465 41225 45561 45321 49657 49417 53753 53513 57849 57609 61945 61705 0 0 0 0 0 0 0 0 0 0 0 0 0 0 0 0 0 0 0 # 84 in-between hk0a
1067 15 38642 38402 42738 42498 46834 46594 50930 50690 50706 55026 54786 54802 58882 63218 62978 0 0 0 0 0 0 0 0 0 0 0 0 0 0 0 0 0 # 85 in-between hk3
1082 13 37369 41465 41225 45561 45321 49657 49417 53753 53513 57849 57609 61945 61705 0 0 0 0 0 0 0 0 0 0 0 0 0 0 0 0 0 0 0 # 86 in-between hk4
1095 12 48126 47886 52222 51982 56302 56318 56078 60398 60414 60174 64510 64270 0 0 0 0 0 0 0 0 0 0 0 0 0 0 0 0 0 0 0 0 # 87 in-between chp0a
1107 12 44793 44553 48889 48649 52985 52745 57081 56841 61161 61177 60937 60953 0 0 0 0 0 0 0 0 0 0 0 0 0 0 0 0 0 0 0 0 # 88 in-between chp3
1119 10 48639 48399 52735 52495 56815 56831 56591 60911 60927 60687 0 0 0 0 0 0 0 0 0 0 0 0 0 0 0 0 0 0 0 0 0 0 # 89 in-between chk0a
1129 10 48382 48142 52478 52238 56558 56574 56334 60670 60430 64526 0 0 0 0 0 0 0 0 0 0 0 0 0 0 0 0 0 0 0 0 0 0 # 90 in-between chk3
1139 12 40954 45050 44810 49146 48906 53242 53002 53018 57338 57098 61434 61194 0 0 0 0 0 0 0 0 0 0 0 0 0 0 0 0 0 0 0 0 # 91 in-between jhk0
1151 16 40191 39951 44271 44287 44047 48367 48383 52463 52479 56559 56575 60655 60671 60431 64767 64527 0 0 0 0 0 0 0 0 0 0 0 0 0 0 0 0 # 92 in-between throw3
1167 16 40176 44272 44032 44048 48368 48128 52464 52224 56560 56320 56336 60656 60416 60432 64512 64528 0 0 0 0 0 0 0 0 0 0 0 0 0 0 0 0 # 93 in-between tpull
1183 17 33527 37623 41687 41703 41719 45799 45815 49895 49911 54007 53767 58103 57863 62183 62199 61959 61975 0 0 0 0 0 0 0 0 0 0 0 0 0 0 0 # 94 in-between theave
1200 15 45580 45596 49916 49676 49692 54012 53772 53788 58092 58108 57868 57884 62188 61964 61980 0 0 0 0 0 0 0 0 0 0 0 0 0 0 0 0 0 # 95 in-between tslam
1215 15 41229 45565 45325 49645 49661 49421 53741 53757 53517 57837 57853 57613 61933 61949 61709 0 0 0 0 0 0 0 0 0 0 0 0 0 0 0 0 0 # 96 in-between tsettle
1230 14 37857 37873 41969 41729 41745 46065 45825 50161 49921 54017 58353 58113 62449 62209 0 0 0 0 0 0 0 0 0 0 0 0 0 0 0 0 0 0 # 97 in-between tlift
1244 15 51736 56008 56024 56040 56056 55816 55832 55848 60104 60120 60136 60152 59912 59928 59944 0 0 0 0 0 0 0 0 0 0 0 0 0 0 0 0 0 # 98 in-between tface
1259 17 34008 34024 34040 38120 38136 42216 42232 46312 46328 50424 50184 54520 54280 58616 58376 62712 62472 0 0 0 0 0 0 0 0 0 0 0 0 0 0 0 # 99 in-between tinv
1276 15 52456 52472 56536 56552 56568 56328 56344 56360 60616 60632 60648 60664 60424 60440 60456 0 0 0 0 0 0 0 0 0 0 0 0 0 0 0 0 0 # 100 in-between tair
1291 15 42193 42209 42225 46289 46305 46321 50417 50177 54513 54273 54289 58369 58385 62465 62481 0 0 0 0 0 0 0 0 0 0 0 0 0 0 0 0 0 # 101 in-between launch
1306 12 57063 57079 56839 56855 56871 61127 61143 61159 61175 60935 60951 60967 0 0 0 0 0 0 0 0 0 0 0 0 0 0 0 0 0 0 0 0 # 102 in-between bounce
1318 14 49377 49393 53473 53489 53249 53265 57569 57585 57345 57361 61665 61681 61457 61473 0 0 0 0 0 0 0 0 0 0 0 0 0 0 0 0 0 0 # 103 in-between wsit
1332 13 41209 40969 45305 45065 49401 49161 53497 53257 57593 57353 61673 61689 61449 0 0 0 0 0 0 0 0 0 0 0 0 0 0 0 0 0 0 0 # 104 in-between wake3
1345 13 40713 45049 44809 49145 48905 53241 53001 57337 57097 61417 61433 61193 61209 0 0 0 0 0 0 0 0 0 0 0 0 0 0 0 0 0 0 0 # 105 in-between chalf
1358 14 40439 40199 44535 44295 48631 52727 52487 56823 56583 60903 60919 60679 64775 64791 0 0 0 0 0 0 0 0 0 0 0 0 0 0 0 0 0 0 # 106 in-between ghalf
1372 14 37367 41463 41223 45559 45319 49655 53751 53511 57847 57607 61927 61943 61703 61719 0 0 0 0 0 0 0 0 0 0 0 0 0 0 0 0 0 0 # 107 in-between hit3
1386 12 44553 48889 48649 52985 52745 57065 57081 56841 61161 61177 60937 60953 0 0 0 0 0 0 0 0 0 0 0 0 0 0 0 0 0 0 0 0 # 108 in-between hitc3
1398 13 47110 47126 51446 51206 51222 55542 55302 59622 59638 59398 63734 63494 63510 0 0 0 0 0 0 0 0 0 0 0 0 0 0 0 0 0 0 0 # 109 in-between clp1
1411 12 48379 48139 52475 52235 56555 56571 56331 60651 60667 60427 60443 64539 0 0 0 0 0 0 0 0 0 0 0 0 0 0 0 0 0 0 0 0 # 110 in-between clk1
1423 17 39904 44000 44016 43776 43792 48112 47872 52208 51968 56304 56064 60384 60400 60160 60176 64256 64272 0 0 0 0 0 0 0 0 0 0 0 0 0 0 0 # 111 in-between stag
1440 16 39911 39927 39687 44007 44023 43783 48119 52215 51975 56311 56071 60391 60407 60167 64263 64279 0 0 0 0 0 0 0 0 0 0 0 0 0 0 0 0 # 112 in-between stag2
1456 14 39169 43505 43265 47601 47361 51697 51457 55793 55553 59889 59649 63985 63745 63761 0 0 0 0 0 0 0 0 0 0 0 0 0 0 0 0 0 0 # 113 in-between lp2
1470 13 38136 42232 41992 46328 46088 50424 50184 54520 54280 58616 58376 62696 62712 0 0 0 0 0 0 0 0 0 0 0 0 0 0 0 0 0 0 0 # 114 in-between lk2
1483 13 38136 42232 41992 46328 46088 50424 50184 54520 54280 58616 58376 62696 62712 0 0 0 0 0 0 0 0 0 0 0 0 0 0 0 0 0 0 0 # 115 in-between lk0a
