# Boxes set by hand, laid over the ones scripts/elecfighter-art.mjs drafts from the drawings
# (design 2.5). The script never writes this file once it is there: a redraw keeps them.
#   row box x top w h   (box 0 the body, 1-3 hurt, 4-5 hit; x ahead of the feet, top above
#   them; w 0 is none). The body boxes are all here: only the push between fighters reads them.
0 0 -15 100 30 100
1 0 -15 60 30 60
2 0 -15 60 30 60
3 0 -15 72 30 72
4 0 -15 60 30 60
5 0 -15 100 30 100
6 0 -15 60 30 60
7 0 -15 100 30 100
8 0 -15 60 30 60
9 0 -24 16 48 16
10 0 -15 60 30 60
11 0 -20 40 40 30
12 0 -15 100 30 100
13 0 -15 100 30 100
14 0 -15 100 30 100
15 0 -15 100 30 100
16 0 -15 100 30 100
17 0 -15 100 30 100
18 0 -15 100 30 100
19 0 -15 100 30 100
20 0 -15 100 30 100
21 0 -15 100 30 100
22 0 -15 100 30 100
23 0 -15 100 30 100
24 0 -15 60 30 60
25 0 -15 60 30 60
26 0 -15 60 30 60
27 0 -15 60 30 60
28 0 -15 60 30 60
29 0 -15 60 30 60
30 0 -15 60 30 60
31 0 -15 60 30 60
32 0 -15 60 30 60
33 0 -15 60 30 60
34 0 -15 60 30 60
35 0 -15 60 30 60
36 0 -15 72 30 72
37 0 -15 72 30 72
38 0 -15 72 30 72
39 0 -15 72 30 72
40 0 -15 72 30 72
41 0 -15 72 30 72
42 0 -15 72 30 72
43 0 -15 72 30 72
44 0 -15 72 30 72
45 0 -15 72 30 72
46 0 -15 72 30 72
47 0 -15 72 30 72
48 0 -15 100 30 100
49 0 -15 100 30 100
50 0 -15 100 30 100
51 0 -15 100 30 100
52 0 -15 100 30 100
53 0 -15 100 30 100
54 0 -15 100 30 100
55 0 -15 72 30 72
56 0 -15 100 30 100
57 0 -15 100 30 100
58 0 -15 100 30 100
59 0 -15 100 30 100
60 0 -15 100 30 100
