# S4 REACH: its poses' boxes (design 2.5, 7.5), a row of 24 words each: the body
# box, three hurt boxes, two hit boxes. A box is x (ahead of the feet), top (height above the
# feet), w, h; w 0 is none. Written by scripts/elecfighter-art.mjs: hurt and hit boxes drafted
# from the posed model's parts in the row's picture (poses.json `rows`), then boxes.txt (set by
# hand, never written by the script) laid over them. Edit boxes.txt, not this file.
-15 100 30 100 -4 98 22 40 -13 72 38 72 0 0 0 0 0 0 0 0 0 0 0 0 # 0 stand (stand)
-15 60 30 60 -2 60 33 32 -15 44 42 44 0 0 0 0 0 0 0 0 0 0 0 0 # 1 crouch (crouch)
-15 60 30 60 -3 82 34 39 -12 59 36 59 0 0 0 0 0 0 0 0 0 0 0 0 # 2 prejump (prejump)
-15 72 30 72 -4 90 21 40 -9 66 32 65 0 0 0 0 0 0 0 0 0 0 0 0 # 3 jump (jump)
-15 60 30 60 -3 82 34 39 -12 59 36 59 0 0 0 0 0 0 0 0 0 0 0 0 # 4 land (prejump)
-15 100 30 100 -30 93 41 41 -17 74 43 74 0 0 0 0 0 0 0 0 0 0 0 0 # 5 hit (hit)
-15 60 30 60 -21 60 30 23 -15 51 42 51 0 0 0 0 0 0 0 0 0 0 0 0 # 6 hit crouching (hitc)
-15 100 30 100 -6 96 29 40 -13 71 38 71 0 0 0 0 0 0 0 0 0 0 0 0 # 7 guard (guard)
-15 60 30 60 -4 60 31 26 -15 50 42 50 0 0 0 0 0 0 0 0 0 0 0 0 # 8 guard crouching (guardc)
-24 16 48 16 0 0 0 0 0 0 0 0 0 0 0 0 0 0 0 0 0 0 0 0 # 9 down (down)
-15 60 30 60 0 0 0 0 0 0 0 0 0 0 0 0 0 0 0 0 0 0 0 0 # 10 wake (wake)
-20 40 40 30 -40 73 39 32 -17 58 57 58 0 0 0 0 0 0 0 0 0 0 0 0 # 11 falling hit (air)
-15 100 30 100 -4 98 33 41 -13 72 37 72 0 0 0 0 0 0 0 0 0 0 0 0 # 12 sLP startup (lp0)
-15 100 30 100 -2 98 18 41 -13 72 37 72 0 0 0 0 10 85 32 19 0 0 0 0 # 13 sLP active (lp)
-15 100 30 100 -4 98 33 41 -13 72 37 72 0 0 0 0 0 0 0 0 0 0 0 0 # 14 sLP recovery (lp0)
-15 100 30 100 -6 97 24 41 -13 70 37 70 0 0 0 0 0 0 0 0 0 0 0 0 # 15 sHP startup (hp0)
-15 100 30 100 -1 90 23 37 -24 69 58 69 0 0 0 0 21 82 40 14 0 0 0 0 # 16 sHP active (hp)
-15 100 30 100 -1 93 22 39 -20 70 52 70 17 81 21 21 0 0 0 0 0 0 0 0 # 17 sHP recovery (hp2)
-15 100 30 100 -6 100 25 41 -10 73 34 73 0 0 0 0 0 0 0 0 0 0 0 0 # 18 sLK startup (lk0)
-15 100 30 100 -11 101 32 41 -9 74 21 74 0 0 0 0 10 56 35 37 0 0 0 0 # 19 sLK active (lk)
-15 100 30 100 -6 100 25 41 -10 73 34 73 0 0 0 0 0 0 0 0 0 0 0 0 # 20 sLK recovery (lk0)
-15 100 30 100 -13 102 36 41 -9 73 36 73 0 0 0 0 0 0 0 0 0 0 0 0 # 21 sHK startup (hk0)
-15 100 30 100 -22 102 35 47 -12 77 19 77 0 0 0 0 10 76 34 26 0 0 0 0 # 22 sHK active (hk)
-15 100 30 100 -19 103 32 41 -11 74 19 74 -2 58 36 42 0 0 0 0 0 0 0 0 # 23 sHK recovery (hk2)
-15 60 30 60 -2 60 33 32 -15 44 42 44 0 0 0 0 0 0 0 0 0 0 0 0 # 24 cLP startup (clp0)
-15 60 30 60 -1 60 28 26 -15 50 42 50 0 0 0 0 12 53 32 17 0 0 0 0 # 25 cLP active (clp)
-15 60 30 60 -2 60 33 32 -15 44 42 44 0 0 0 0 0 0 0 0 0 0 0 0 # 26 cLP recovery (clp0)
-15 60 30 60 -15 60 44 32 -15 28 44 28 0 0 0 0 0 0 0 0 0 0 0 0 # 27 cHP startup (chp0)
-15 60 30 60 -18 90 47 62 -18 28 47 28 0 0 0 0 11 109 11 40 0 0 0 0 # 28 cHP active (chp)
-15 60 30 60 -3 80 27 41 -16 57 43 57 12 82 19 20 0 0 0 0 0 0 0 0 # 29 cHP recovery (chp2)
-15 60 30 60 -2 60 33 32 -15 44 50 44 0 0 0 0 0 0 0 0 0 0 0 0 # 30 cLK startup (clk0)
-15 60 30 60 -3 60 30 28 -15 48 34 48 0 0 0 0 10 31 41 31 0 0 0 0 # 31 cLK active (clk)
-15 60 30 60 -2 60 33 32 -15 44 50 44 0 0 0 0 0 0 0 0 0 0 0 0 # 32 cLK recovery (clk0)
-15 60 30 60 -2 60 28 60 -8 45 35 44 0 0 0 0 0 0 0 0 0 0 0 0 # 33 cHK startup (chk0)
-15 60 30 60 -6 60 26 59 -12 40 26 40 0 0 0 0 10 25 43 25 0 0 0 0 # 34 cHK active (chk)
-15 60 30 60 -4 60 28 56 -9 48 36 45 -2 39 36 39 0 0 0 0 0 0 0 0 # 35 cHK recovery (chk2)
-15 72 30 72 -4 90 21 40 -9 66 32 65 0 0 0 0 0 0 0 0 0 0 0 0 # 36 jLP startup (jump)
-15 72 30 72 -3 89 24 39 -9 65 32 64 0 0 0 0 10 72 30 35 0 0 0 0 # 37 jLP active (jlp)
-15 72 30 72 -4 90 21 40 -9 66 32 65 0 0 0 0 0 0 0 0 0 0 0 0 # 38 jLP recovery (jump)
-15 72 30 72 -8 96 28 45 -10 66 33 65 0 0 0 0 0 0 0 0 0 0 0 0 # 39 jHP startup (jhp0)
-15 72 30 72 -9 83 29 36 -10 64 32 63 0 0 0 0 16 70 30 38 0 0 0 0 # 40 jHP active (jhp)
-15 72 30 72 -8 96 28 45 -10 66 33 65 0 0 0 0 0 0 0 0 0 0 0 0 # 41 jHP recovery (jhp0)
-15 72 30 72 -4 90 21 40 -9 66 32 65 0 0 0 0 0 0 0 0 0 0 0 0 # 42 jLK startup (jump)
-15 72 30 72 -5 96 24 41 -9 70 31 65 0 0 0 0 10 51 27 51 0 0 0 0 # 43 jLK active (jlk)
-15 72 30 72 -4 90 21 40 -9 66 32 65 0 0 0 0 0 0 0 0 0 0 0 0 # 44 jLK recovery (jump)
-15 72 30 72 -4 90 21 40 -9 66 32 65 0 0 0 0 0 0 0 0 0 0 0 0 # 45 jHK startup (jump)
-15 72 30 72 -17 93 42 41 -11 66 31 52 0 0 0 0 10 49 31 49 0 0 0 0 # 46 jHK active (jhk)
-15 72 30 72 -4 90 21 40 -9 66 32 65 0 0 0 0 0 0 0 0 0 0 0 0 # 47 jHK recovery (jump)
-15 100 30 100 -1 94 36 39 -14 70 39 70 0 0 0 0 0 0 0 0 0 0 0 0 # 48 throw startup (throw0)
-15 100 30 100 -2 92 19 39 -14 68 39 68 0 0 0 0 10 79 18 27 0 0 0 0 # 49 throw active (throw)
-15 100 30 100 -29 95 61 40 -14 70 39 70 0 0 0 0 0 0 0 0 0 0 0 0 # 50 throw recovery (throw2)
-15 100 30 100 -4 98 22 40 -13 72 38 72 0 0 0 0 0 0 0 0 0 0 0 0 # 51 walk 1 (walk1)
-15 100 30 100 -4 99 22 41 -11 73 40 73 0 0 0 0 0 0 0 0 0 0 0 0 # 52 walk 2 (walk2)
-15 100 30 100 -4 99 22 41 -15 72 47 72 0 0 0 0 0 0 0 0 0 0 0 0 # 53 walk 3 (walk3)
-15 100 30 100 -4 99 22 41 -7 73 32 73 0 0 0 0 0 0 0 0 0 0 0 0 # 54 walk 4 (walk4)
-15 72 30 72 -4 104 22 42 -14 78 34 78 0 0 0 0 0 0 0 0 0 0 0 0 # 55 jump falling (fall)
-15 100 30 100 -5 95 33 39 -21 72 57 72 0 0 0 0 0 0 0 0 0 0 0 0 # 56 dash (dash)
-15 100 30 100 -15 101 38 41 -18 75 38 75 0 0 0 0 0 0 0 0 0 0 0 0 # 57 backdash (backdash)
-15 100 30 100 -3 81 38 42 -13 69 38 69 0 0 0 0 0 0 0 0 0 0 0 0 # 58 thrown (thrown)
-15 100 30 100 -12 125 27 71 -8 77 25 77 0 0 0 0 0 0 0 0 0 0 0 0 # 59 win (win)
-15 100 30 100 -4 97 22 41 -13 71 38 71 0 0 0 0 0 0 0 0 0 0 0 0 # 60 idle (idle)
