# ELECFIGHTER: each pose row's pictures in turn, the same for every slot (docs/elec16-
# elecfighter-design.md 2.2; poses.json `seq`, written by scripts/elecfighter-art.mjs). A row
# of 9 words: the clock (0 the frames since the row began, 1 the points walked into a step,
# 0-7), then 4 pairs: an art row (fighters/<id>/art.txt) and the clock it shows until. The
# first pair whose end is past the clock is shown; the last holds.
0 0 26 63 999 63 999 63 999 # 0 stand breath
0 1 999 1 999 1 999 1 999 # 1 crouch
0 2 999 2 999 2 999 2 999 # 2 prejump
0 68 5 3 999 3 999 3 999 # 3 takeoff jump
0 70 1 2 999 2 999 2 999 # 4 land prejump
0 5 8 74 999 74 999 74 999 # 5 hit hit2
0 6 8 75 999 75 999 75 999 # 6 hitc hitc2
0 7 999 7 999 7 999 7 999 # 7 guard
0 8 999 8 999 8 999 8 999 # 8 guardc
0 76 4 9 999 9 999 9 999 # 9 knock down
0 77 4 10 8 78 999 78 999 # 10 wake0 wake wake2
0 11 999 11 999 11 999 11 999 # 11 air
0 12 999 12 999 12 999 12 999 # 12 lp0
0 13 999 13 999 13 999 13 999 # 13 lp
0 80 3 12 999 12 999 12 999 # 14 lp1 lp0
0 82 3 15 999 15 999 15 999 # 15 hp0a hp0
0 16 999 16 999 16 999 16 999 # 16 hp
0 17 6 83 12 84 999 84 999 # 17 hp2 hp3 hp4
0 18 999 18 999 18 999 18 999 # 18 lk0
0 19 999 19 999 19 999 19 999 # 19 lk
0 81 3 18 999 18 999 18 999 # 20 lk1 lk0
0 85 3 21 999 21 999 21 999 # 21 hk0a hk0
0 22 999 22 999 22 999 22 999 # 22 hk
0 23 6 86 13 87 999 87 999 # 23 hk2 hk3 hk4
0 24 999 24 999 24 999 24 999 # 24 clp0
0 25 999 25 999 25 999 25 999 # 25 clp
0 24 999 24 999 24 999 24 999 # 26 clp0
0 88 2 27 999 27 999 27 999 # 27 chp0a chp0
0 28 999 28 999 28 999 28 999 # 28 chp
0 29 8 89 999 89 999 89 999 # 29 chp2 chp3
0 30 999 30 999 30 999 30 999 # 30 clk0
0 31 999 31 999 31 999 31 999 # 31 clk
0 30 999 30 999 30 999 30 999 # 32 clk0
0 90 3 33 999 33 999 33 999 # 33 chk0a chk0
0 34 999 34 999 34 999 34 999 # 34 chk
0 35 10 91 999 91 999 91 999 # 35 chk2 chk3
0 3 999 3 999 3 999 3 999 # 36 jump
0 37 999 37 999 37 999 37 999 # 37 jlp
0 3 999 3 999 3 999 3 999 # 38 jump
0 39 999 39 999 39 999 39 999 # 39 jhp0
0 40 999 40 999 40 999 40 999 # 40 jhp
0 39 999 39 999 39 999 39 999 # 41 jhp0
0 3 999 3 999 3 999 3 999 # 42 jump
0 43 999 43 999 43 999 43 999 # 43 jlk
0 3 999 3 999 3 999 3 999 # 44 jump
0 3 2 92 999 92 999 92 999 # 45 jump jhk0
0 46 999 46 999 46 999 46 999 # 46 jhk
0 3 999 3 999 3 999 3 999 # 47 jump
0 48 999 48 999 48 999 48 999 # 48 throw0
0 49 999 49 999 49 999 49 999 # 49 throw
0 50 10 93 999 93 999 93 999 # 50 throw2 throw3
1 51 4 64 999 64 999 64 999 # 51 walk1 walk1b
1 52 4 65 999 65 999 65 999 # 52 walk2 walk2b
1 53 4 66 999 66 999 66 999 # 53 walk3 walk3b
1 54 4 67 999 67 999 67 999 # 54 walk4 walk4b
0 69 6 55 999 55 999 55 999 # 55 apex fall
0 71 2 56 10 72 999 72 999 # 56 dash0 dash dash2
0 73 3 57 999 57 999 57 999 # 57 backdash0 backdash
0 58 999 58 999 58 999 58 999 # 58 thrown
0 79 6 59 999 59 999 59 999 # 59 win0 win
0 60 26 63 999 63 999 63 999 # 60 idle breath
