# S1 BALANCE: where each pose row's cells are (art/cells.png, 16 x 16 each) and
# where each is drawn. Written by scripts/elecfighter-art.mjs with the drawing. A row of 34 words:
#   first cell, count (at most 32: the room each fighter streams into), then 32 places, a cell
#   each: dx & 255 | (dy & 255) << 8, its top left from the feet (facing right; FLIP_H mirrors).
# The rows of poses.txt (61), then the KO's pieces of the slot's own mesh (a cell each),
# cut from the poses down and air, then the in-between pictures (fighters/frames.txt).
0 12 41217 45553 45313 49649 49409 53745 53505 57841 57601 61937 61697 61713 0 0 0 0 0 0 0 0 0 0 0 0 0 0 0 0 0 0 0 0 # 0 stand
12 10 49151 48911 53247 53007 57327 57343 57103 61423 61439 61199 0 0 0 0 0 0 0 0 0 0 0 0 0 0 0 0 0 0 0 0 0 0 # 1 crouch
22 11 45317 45333 49653 49413 49429 53749 53509 57845 57605 61941 61701 0 0 0 0 0 0 0 0 0 0 0 0 0 0 0 0 0 0 0 0 0 # 2 prejump
33 11 42756 47092 46852 51188 50948 55284 55044 59380 59140 63476 63236 0 0 0 0 0 0 0 0 0 0 0 0 0 0 0 0 0 0 0 0 0 # 3 jump
22 11 45317 45333 49653 49413 49429 53749 53509 57845 57605 61941 61701 0 0 0 0 0 0 0 0 0 0 0 0 0 0 0 0 0 0 0 0 0 # 4 prejump
44 13 42205 42221 46317 46333 50413 50429 54509 54525 58605 58621 62701 62717 62477 0 0 0 0 0 0 0 0 0 0 0 0 0 0 0 0 0 0 0 # 5 hit
57 11 44782 48878 48894 52974 52990 57070 57086 56846 61166 61182 60942 0 0 0 0 0 0 0 0 0 0 0 0 0 0 0 0 0 0 0 0 0 # 6 hitc
68 12 42232 41992 46328 46088 50424 54520 54280 58616 58376 62696 62712 62472 0 0 0 0 0 0 0 0 0 0 0 0 0 0 0 0 0 0 0 0 # 7 guard
80 11 45569 45585 49665 49681 54001 53761 58097 57857 62193 61953 61969 0 0 0 0 0 0 0 0 0 0 0 0 0 0 0 0 0 0 0 0 0 # 8 guardc
91 11 60094 60110 60126 60142 60158 59918 59934 64222 64238 64014 64030 0 0 0 0 0 0 0 0 0 0 0 0 0 0 0 0 0 0 0 0 0 # 9 down
102 10 48132 48148 52468 52228 56564 56324 60644 60660 60420 60436 0 0 0 0 0 0 0 0 0 0 0 0 0 0 0 0 0 0 0 0 0 0 # 10 wake
112 13 48590 48606 48622 52702 52718 52734 52494 56814 56830 56590 60686 60702 64782 0 0 0 0 0 0 0 0 0 0 0 0 0 0 0 0 0 0 0 # 11 air
125 12 41471 45551 45567 49647 49663 53743 53759 57839 57855 61935 61951 61711 0 0 0 0 0 0 0 0 0 0 0 0 0 0 0 0 0 0 0 0 # 12 lp0
137 14 41731 46067 45827 45843 45859 50163 49923 54259 54019 58355 58115 62451 62211 62227 0 0 0 0 0 0 0 0 0 0 0 0 0 0 0 0 0 0 # 13 lp
125 12 41471 45551 45567 49647 49663 53743 53759 57839 57855 61935 61951 61711 0 0 0 0 0 0 0 0 0 0 0 0 0 0 0 0 0 0 0 0 # 14 lp0
151 12 42488 42248 46584 46344 50680 54776 54536 58872 58632 62952 62968 62728 0 0 0 0 0 0 0 0 0 0 0 0 0 0 0 0 0 0 0 0 # 15 hp0
163 16 40958 40718 45054 44814 44830 44846 49150 48910 53246 53006 57326 57342 57102 61406 61422 61198 0 0 0 0 0 0 0 0 0 0 0 0 0 0 0 0 # 16 hp
179 15 40964 45300 45060 45076 49396 49156 49172 53492 53252 57588 57348 61668 61684 61444 61460 0 0 0 0 0 0 0 0 0 0 0 0 0 0 0 0 0 # 17 hp2
194 12 40693 40453 44789 44549 48885 48645 52981 52741 57077 56837 61173 60933 0 0 0 0 0 0 0 0 0 0 0 0 0 0 0 0 0 0 0 0 # 18 lk0
206 15 40936 45032 45048 44808 49128 49144 48904 53224 53240 53000 53016 53032 57336 61416 61432 0 0 0 0 0 0 0 0 0 0 0 0 0 0 0 0 0 # 19 lk
194 12 40693 40453 44789 44549 48885 48645 52981 52741 57077 56837 61173 60933 0 0 0 0 0 0 0 0 0 0 0 0 0 0 0 0 0 0 0 0 # 20 lk0
221 14 41461 41221 45541 45557 45317 49653 49413 49429 53749 53509 57845 57605 61941 61701 0 0 0 0 0 0 0 0 0 0 0 0 0 0 0 0 0 0 # 21 hk0
235 15 41465 45545 45561 45321 45337 45353 49625 49641 49657 49417 53753 53513 57849 61929 61945 0 0 0 0 0 0 0 0 0 0 0 0 0 0 0 0 0 # 22 hk
250 15 37372 41452 41468 45548 45564 49644 49660 49420 53740 53756 53516 57852 57612 61932 61948 0 0 0 0 0 0 0 0 0 0 0 0 0 0 0 0 0 # 23 hk2
265 10 48897 48913 53233 52993 53009 57329 57089 61425 61185 61201 0 0 0 0 0 0 0 0 0 0 0 0 0 0 0 0 0 0 0 0 0 0 # 24 clp0
275 12 48640 48656 48672 52976 52736 52752 52768 57072 56832 61168 60928 60944 0 0 0 0 0 0 0 0 0 0 0 0 0 0 0 0 0 0 0 0 # 25 clp
265 10 48897 48913 53233 52993 53009 57329 57089 61425 61185 61201 0 0 0 0 0 0 0 0 0 0 0 0 0 0 0 0 0 0 0 0 0 0 # 26 clp0
287 9 48648 48664 52984 52744 57080 56840 61160 61176 60936 0 0 0 0 0 0 0 0 0 0 0 0 0 0 0 0 0 0 0 0 0 0 0 # 27 chp0
296 15 38917 43253 43013 47349 47109 51445 51205 55541 55301 59621 59637 59397 63733 63493 63509 0 0 0 0 0 0 0 0 0 0 0 0 0 0 0 0 0 # 28 chp
311 12 45059 45075 49395 49155 49171 53491 53251 57587 57347 61683 61443 61459 0 0 0 0 0 0 0 0 0 0 0 0 0 0 0 0 0 0 0 0 # 29 chp2
323 10 49151 48911 53247 53007 57327 57343 57103 61423 61439 61199 0 0 0 0 0 0 0 0 0 0 0 0 0 0 0 0 0 0 0 0 0 0 # 30 clk0
333 11 48392 52728 52488 56824 56584 60904 60920 60680 60696 60712 64808 0 0 0 0 0 0 0 0 0 0 0 0 0 0 0 0 0 0 0 0 0 # 31 clk
323 10 49151 48911 53247 53007 57327 57343 57103 61423 61439 61199 0 0 0 0 0 0 0 0 0 0 0 0 0 0 0 0 0 0 0 0 0 0 # 32 clk0
344 9 49404 49164 53500 53260 57580 57596 57356 61692 61452 0 0 0 0 0 0 0 0 0 0 0 0 0 0 0 0 0 0 0 0 0 0 0 # 33 chk0
353 11 50173 49933 54269 54029 58365 58125 58141 62461 62221 62237 62253 0 0 0 0 0 0 0 0 0 0 0 0 0 0 0 0 0 0 0 0 0 # 34 chk
364 11 48387 48403 52723 52483 52499 56819 56579 56595 60675 60691 64787 0 0 0 0 0 0 0 0 0 0 0 0 0 0 0 0 0 0 0 0 0 # 35 chk2
33 11 42756 47092 46852 51188 50948 55284 55044 59380 59140 63476 63236 0 0 0 0 0 0 0 0 0 0 0 0 0 0 0 0 0 0 0 0 0 # 36 jump
375 13 43013 47349 47109 51445 51205 51221 55541 55301 55317 59637 59397 63733 63493 0 0 0 0 0 0 0 0 0 0 0 0 0 0 0 0 0 0 0 # 37 jlp
33 11 42756 47092 46852 51188 50948 55284 55044 59380 59140 63476 63236 0 0 0 0 0 0 0 0 0 0 0 0 0 0 0 0 0 0 0 0 0 # 38 jump
388 11 42231 46327 46087 50423 50183 54519 54279 58615 58375 62711 62471 0 0 0 0 0 0 0 0 0 0 0 0 0 0 0 0 0 0 0 0 0 # 39 jhp0
399 13 45045 44805 49141 48901 48917 53237 52997 53013 53029 57333 57093 61429 61189 0 0 0 0 0 0 0 0 0 0 0 0 0 0 0 0 0 0 0 # 40 jhp
388 11 42231 46327 46087 50423 50183 54519 54279 58615 58375 62711 62471 0 0 0 0 0 0 0 0 0 0 0 0 0 0 0 0 0 0 0 0 0 # 41 jhp0
33 11 42756 47092 46852 51188 50948 55284 55044 59380 59140 63476 63236 0 0 0 0 0 0 0 0 0 0 0 0 0 0 0 0 0 0 0 0 0 # 42 jump
412 13 41717 41477 45813 45573 49909 49669 54005 53765 58101 57861 57877 62197 61973 0 0 0 0 0 0 0 0 0 0 0 0 0 0 0 0 0 0 0 # 43 jlk
33 11 42756 47092 46852 51188 50948 55284 55044 59380 59140 63476 63236 0 0 0 0 0 0 0 0 0 0 0 0 0 0 0 0 0 0 0 0 0 # 44 jump
33 11 42756 47092 46852 51188 50948 55284 55044 59380 59140 63476 63236 0 0 0 0 0 0 0 0 0 0 0 0 0 0 0 0 0 0 0 0 0 # 45 jump
425 14 42998 42758 47078 47094 46854 51190 50950 55286 55046 55062 59382 59142 59158 63254 0 0 0 0 0 0 0 0 0 0 0 0 0 0 0 0 0 0 # 46 jhk
33 11 42756 47092 46852 51188 50948 55284 55044 59380 59140 63476 63236 0 0 0 0 0 0 0 0 0 0 0 0 0 0 0 0 0 0 0 0 0 # 47 jump
439 13 41988 46324 46084 46100 50420 50180 54516 54276 58612 58372 62708 62468 62484 0 0 0 0 0 0 0 0 0 0 0 0 0 0 0 0 0 0 0 # 48 throw0
452 13 43266 47602 47362 47378 51698 51458 55794 55554 59890 59650 63986 63746 63762 0 0 0 0 0 0 0 0 0 0 0 0 0 0 0 0 0 0 0 # 49 throw
465 16 42733 42749 42509 46813 46829 46845 46605 50925 50941 55021 55037 59117 59133 63213 63229 62989 0 0 0 0 0 0 0 0 0 0 0 0 0 0 0 0 # 50 throw2
481 12 41217 45553 45313 49649 49409 53745 53505 57841 57601 61937 61697 61713 0 0 0 0 0 0 0 0 0 0 0 0 0 0 0 0 0 0 0 0 # 51 walk1
493 13 41203 40963 45299 45059 49395 49155 53491 53251 57587 57347 61683 61443 61459 0 0 0 0 0 0 0 0 0 0 0 0 0 0 0 0 0 0 0 # 52 walk2
506 13 41217 45553 45313 49649 49409 53745 53505 57841 57601 61937 61697 61713 273 0 0 0 0 0 0 0 0 0 0 0 0 0 0 0 0 0 0 0 # 53 walk3
519 12 41463 41223 45559 45319 49655 49415 53751 53511 57847 57607 61943 61703 0 0 0 0 0 0 0 0 0 0 0 0 0 0 0 0 0 0 0 0 # 54 walk4
531 12 39938 44274 44034 48370 48130 52466 52226 56562 56322 60658 60418 64514 0 0 0 0 0 0 0 0 0 0 0 0 0 0 0 0 0 0 0 0 # 55 fall
543 14 41980 41740 46076 45836 50172 49932 54268 54028 58348 58364 58124 62444 62220 62236 0 0 0 0 0 0 0 0 0 0 0 0 0 0 0 0 0 0 # 56 dash
557 13 40688 44784 44544 44560 48880 48640 52976 52736 57072 56832 61168 60928 60944 0 0 0 0 0 0 0 0 0 0 0 0 0 0 0 0 0 0 0 # 57 backdash
570 12 45316 45332 49652 49412 49428 53748 53508 57844 57604 61940 61700 61716 0 0 0 0 0 0 0 0 0 0 0 0 0 0 0 0 0 0 0 0 # 58 thrown
582 12 36089 40169 40185 44281 48377 48137 52473 56569 60665 60425 64761 64521 0 0 0 0 0 0 0 0 0 0 0 0 0 0 0 0 0 0 0 0 # 59 win
594 12 41473 45809 45569 49905 49665 54001 53761 58097 57857 62193 61953 61969 0 0 0 0 0 0 0 0 0 0 0 0 0 0 0 0 0 0 0 0 # 60 idle
606 23 60387 60422 60637 60901 60924 61985 62232 60887 61923 61424 61453 60416 61668 61427 60399 61431 60882 62171 62224 62483 61701 62210 60876 0 0 0 0 0 0 0 0 0 # 61 ko pieces (down)
629 28 50410 52976 49630 56586 56582 54776 48613 50928 52203 48622 55548 51956 50663 54783 54012 54284 48605 55059 56596 58383 60432 49625 55800 56582 63254 54282 60183 63763 0 0 0 0 # 62 ko pieces (air)
657 12 41217 45553 45313 49649 49409 53745 53505 57841 57601 61937 61697 61713 0 0 0 0 0 0 0 0 0 0 0 0 0 0 0 0 0 0 0 0 # 63 in-between breath
669 12 41217 45553 45313 49649 49409 53745 53505 57841 57601 61937 61697 61713 0 0 0 0 0 0 0 0 0 0 0 0 0 0 0 0 0 0 0 0 # 64 in-between walk1b
681 12 41217 45553 45313 49649 49409 53745 53505 57841 57601 61937 61697 61713 0 0 0 0 0 0 0 0 0 0 0 0 0 0 0 0 0 0 0 0 # 65 in-between walk2b
693 12 41472 45808 45568 49904 49664 54000 53760 58096 57856 62192 61952 61968 0 0 0 0 0 0 0 0 0 0 0 0 0 0 0 0 0 0 0 0 # 66 in-between walk3b
705 12 41462 41222 45558 45318 49654 49414 53750 53510 57846 57606 61942 61702 0 0 0 0 0 0 0 0 0 0 0 0 0 0 0 0 0 0 0 0 # 67 in-between walk4b
717 10 44292 48628 48388 52724 52484 56820 56580 60916 60676 60692 0 0 0 0 0 0 0 0 0 0 0 0 0 0 0 0 0 0 0 0 0 0 # 68 in-between takeoff
727 11 41475 45811 45571 49907 49667 54003 53763 58099 57859 62195 61955 0 0 0 0 0 0 0 0 0 0 0 0 0 0 0 0 0 0 0 0 0 # 69 in-between apex
738 11 42244 46580 46340 50676 50436 54772 54532 58868 58628 62964 62724 0 0 0 0 0 0 0 0 0 0 0 0 0 0 0 0 0 0 0 0 0 # 70 in-between land
749 14 41220 45556 45316 45332 49652 49412 53748 53508 57844 57604 61924 61940 61700 61716 0 0 0 0 0 0 0 0 0 0 0 0 0 0 0 0 0 0 # 71 in-between dash0
763 14 41220 45556 45316 45332 49652 49412 53748 53508 57844 57604 61924 61940 61700 61716 0 0 0 0 0 0 0 0 0 0 0 0 0 0 0 0 0 0 # 72 in-between dash2
777 13 41202 40962 45298 45058 49394 49154 53490 53250 57586 57346 61682 61442 61458 0 0 0 0 0 0 0 0 0 0 0 0 0 0 0 0 0 0 0 # 73 in-between backdash0
790 12 41454 45550 45566 49646 49662 53742 53758 57838 57854 61934 61950 61710 0 0 0 0 0 0 0 0 0 0 0 0 0 0 0 0 0 0 0 0 # 74 in-between hit2
802 11 46593 50929 50689 50705 55025 54785 59121 58881 63217 62977 62993 0 0 0 0 0 0 0 0 0 0 0 0 0 0 0 0 0 0 0 0 0 # 75 in-between hitc2
813 13 52686 52702 52718 56782 56798 56814 56830 56590 60910 60926 60686 60702 64782 0 0 0 0 0 0 0 0 0 0 0 0 0 0 0 0 0 0 0 # 76 in-between knock
826 11 44039 48375 48135 52471 52231 56567 56327 60647 60663 60423 64519 0 0 0 0 0 0 0 0 0 0 0 0 0 0 0 0 0 0 0 0 0 # 77 in-between wake2
837 12 37623 41719 41479 45815 45575 49911 54007 53767 58103 57863 62199 61959 0 0 0 0 0 0 0 0 0 0 0 0 0 0 0 0 0 0 0 0 # 78 in-between win0
849 14 41473 45809 45569 45585 49905 49665 49681 54001 53761 58097 57857 62193 61953 61969 0 0 0 0 0 0 0 0 0 0 0 0 0 0 0 0 0 0 # 79 in-between lp1
863 13 40689 44785 44545 48881 48641 52977 52737 52753 57073 56833 56849 61169 60929 0 0 0 0 0 0 0 0 0 0 0 0 0 0 0 0 0 0 0 # 80 in-between lk1
876 12 41216 45552 45312 49648 49408 53744 53504 57840 57600 61936 61696 61712 0 0 0 0 0 0 0 0 0 0 0 0 0 0 0 0 0 0 0 0 # 81 in-between hp0a
888 14 41978 41738 46074 45834 50170 49930 54266 54026 58346 58362 58122 62442 62458 62218 0 0 0 0 0 0 0 0 0 0 0 0 0 0 0 0 0 0 # 82 in-between hp3
902 12 41474 45810 45570 49906 49666 54002 53762 58098 57858 62194 61954 61970 0 0 0 0 0 0 0 0 0 0 0 0 0 0 0 0 0 0 0 0 # 83 in-between hp4
914 12 41462 41222 45558 45318 49654 49414 53750 53510 57846 57606 61942 61702 0 0 0 0 0 0 0 0 0 0 0 0 0 0 0 0 0 0 0 0 # 84 in-between hk0a
926 13 41456 41216 45552 45312 49648 49408 53744 53504 53520 57600 57616 61936 61696 0 0 0 0 0 0 0 0 0 0 0 0 0 0 0 0 0 0 0 # 85 in-between hk3
939 12 41461 41221 45557 45317 49653 49413 53749 53509 57845 57605 61941 61701 0 0 0 0 0 0 0 0 0 0 0 0 0 0 0 0 0 0 0 0 # 86 in-between hk4
951 10 48642 48658 52978 52738 52754 57074 56834 61170 60930 60946 0 0 0 0 0 0 0 0 0 0 0 0 0 0 0 0 0 0 0 0 0 0 # 87 in-between chp0a
961 11 47352 47112 51448 51208 55544 55304 59624 59640 59400 63736 63496 0 0 0 0 0 0 0 0 0 0 0 0 0 0 0 0 0 0 0 0 0 # 88 in-between chp3
972 10 49406 49166 53502 53262 57582 57598 57358 61678 61694 61454 0 0 0 0 0 0 0 0 0 0 0 0 0 0 0 0 0 0 0 0 0 0 # 89 in-between chk0a
982 9 49149 48909 53245 53005 57325 57341 57101 61437 61197 0 0 0 0 0 0 0 0 0 0 0 0 0 0 0 0 0 0 0 0 0 0 0 # 90 in-between chk3
991 12 42489 42249 46585 46345 50681 50441 54777 54537 58873 58633 62969 62729 0 0 0 0 0 0 0 0 0 0 0 0 0 0 0 0 0 0 0 0 # 91 in-between jhk0
1003 14 41714 41474 45810 45570 45586 49906 49666 54002 53762 58098 57858 62194 61954 61970 0 0 0 0 0 0 0 0 0 0 0 0 0 0 0 0 0 0 # 92 in-between throw3
1017 13 41971 46067 45827 50163 49923 54259 54019 58355 58115 62435 62451 62211 62227 0 0 0 0 0 0 0 0 0 0 0 0 0 0 0 0 0 0 0 # 93 in-between tpull
1030 15 36086 40182 44262 44278 48358 48374 52470 52230 56566 56326 60646 60662 60422 64518 64534 0 0 0 0 0 0 0 0 0 0 0 0 0 0 0 0 0 # 94 in-between theave
1045 13 44564 48644 48660 52980 52740 52756 57076 56836 56852 61156 61172 60932 60948 0 0 0 0 0 0 0 0 0 0 0 0 0 0 0 0 0 0 0 # 95 in-between tslam
1058 13 43019 47355 47115 51451 51211 55547 55307 59627 59643 59403 63723 63739 63499 0 0 0 0 0 0 0 0 0 0 0 0 0 0 0 0 0 0 0 # 96 in-between tsettle
1071 13 39647 39663 43759 43775 43535 47855 47871 51951 51967 56063 60143 60159 64255 0 0 0 0 0 0 0 0 0 0 0 0 0 0 0 0 0 0 0 # 97 in-between tlift
1084 13 56270 56286 56302 56318 56078 56094 56110 60366 60382 60398 60414 60174 60190 0 0 0 0 0 0 0 0 0 0 0 0 0 0 0 0 0 0 0 # 98 in-between tface
1097 15 37094 37110 41190 41206 45286 45302 49382 49398 49158 53494 53254 57590 57350 61686 61446 0 0 0 0 0 0 0 0 0 0 0 0 0 0 0 0 0 # 99 in-between tinv
1112 12 56285 56301 56317 56077 56093 60365 60381 60397 60413 60173 60189 64493 0 0 0 0 0 0 0 0 0 0 0 0 0 0 0 0 0 0 0 0 # 100 in-between tair
1124 13 41454 45534 45550 49630 49646 49662 53742 53758 53518 57854 57614 61950 61710 0 0 0 0 0 0 0 0 0 0 0 0 0 0 0 0 0 0 0 # 101 in-between launch
1137 11 56542 56558 56574 60606 60622 60638 60654 60670 60430 60446 64750 0 0 0 0 0 0 0 0 0 0 0 0 0 0 0 0 0 0 0 0 0 # 102 in-between bounce
1148 12 49380 49396 53476 53492 57572 57588 57348 57364 61668 61684 61444 61460 0 0 0 0 0 0 0 0 0 0 0 0 0 0 0 0 0 0 0 0 # 103 in-between wsit
1160 13 42241 46577 46337 46353 50673 50433 54769 54529 58865 58625 62961 62721 62737 0 0 0 0 0 0 0 0 0 0 0 0 0 0 0 0 0 0 0 # 104 in-between wake3
1173 10 44807 49143 48903 53239 52999 57335 57095 61415 61431 61191 0 0 0 0 0 0 0 0 0 0 0 0 0 0 0 0 0 0 0 0 0 0 # 105 in-between chalf
1183 12 41721 41481 45817 45577 49913 54009 53769 58105 57865 62185 62201 61961 0 0 0 0 0 0 0 0 0 0 0 0 0 0 0 0 0 0 0 0 # 106 in-between ghalf
1195 12 41465 45561 45321 49657 49417 53753 53513 57849 57609 61929 61945 61705 0 0 0 0 0 0 0 0 0 0 0 0 0 0 0 0 0 0 0 0 # 107 in-between hit3
1207 10 48883 48643 48659 52979 52739 57075 56835 61171 60931 60947 0 0 0 0 0 0 0 0 0 0 0 0 0 0 0 0 0 0 0 0 0 0 # 108 in-between hitc3
1217 10 48640 48656 52976 52736 52752 57072 56832 61168 60928 60944 0 0 0 0 0 0 0 0 0 0 0 0 0 0 0 0 0 0 0 0 0 0 # 109 in-between clp1
1227 11 48895 48655 52991 52751 57071 57087 56847 61167 61183 60943 60959 0 0 0 0 0 0 0 0 0 0 0 0 0 0 0 0 0 0 0 0 0 # 110 in-between clk1
1238 14 41441 45537 45553 45313 49649 49409 53745 53505 57841 57601 61921 61937 61697 61713 0 0 0 0 0 0 0 0 0 0 0 0 0 0 0 0 0 0 # 111 in-between stag
1252 13 41456 41216 45552 45312 49648 49408 53744 53504 57840 57600 61936 61696 61712 0 0 0 0 0 0 0 0 0 0 0 0 0 0 0 0 0 0 0 # 112 in-between stag2
1265 12 41471 45551 45567 49647 49663 53743 53759 57839 57855 61935 61951 61711 0 0 0 0 0 0 0 0 0 0 0 0 0 0 0 0 0 0 0 0 # 113 in-between lp2
1277 12 40948 40708 45044 44804 49140 48900 53236 52996 57332 57092 61428 61188 0 0 0 0 0 0 0 0 0 0 0 0 0 0 0 0 0 0 0 0 # 114 in-between lk2
1289 12 40948 40708 45044 44804 49140 48900 53236 52996 57332 57092 61428 61188 0 0 0 0 0 0 0 0 0 0 0 0 0 0 0 0 0 0 0 0 # 115 in-between lk0a
