# Boxes set by hand, laid over the ones scripts/elecfighter-art.mjs drafts from the drawings
# (design 2.5). The script never writes this file once it is there: a redraw keeps them.
#   row box x top w h   (box 0 the body, 1-3 hurt, 4-5 hit; x ahead of the feet, top above
#   them; w 0 is none). The body boxes are all here: only the push between fighters reads them.
0 0 -14 93 28 93
1 0 -14 60 28 60
2 0 -14 60 28 60
3 0 -14 72 28 72
4 0 -14 60 28 60
5 0 -14 93 28 93
6 0 -14 60 28 60
7 0 -14 93 28 93
8 0 -14 60 28 60
9 0 -24 16 48 16
10 0 -14 60 28 60
11 0 -20 40 40 30
12 0 -14 93 28 93
13 0 -14 93 28 93
14 0 -14 93 28 93
15 0 -14 93 28 93
16 0 -14 93 28 93
17 0 -14 93 28 93
18 0 -14 93 28 93
19 0 -14 93 28 93
20 0 -14 93 28 93
21 0 -14 93 28 93
22 0 -14 93 28 93
23 0 -14 93 28 93
24 0 -14 60 28 60
25 0 -14 60 28 60
26 0 -14 60 28 60
27 0 -14 60 28 60
28 0 -14 60 28 60
29 0 -14 60 28 60
30 0 -14 60 28 60
31 0 -14 60 28 60
32 0 -14 60 28 60
33 0 -14 60 28 60
34 0 -14 60 28 60
35 0 -14 60 28 60
36 0 -14 72 28 72
37 0 -14 72 28 72
38 0 -14 72 28 72
39 0 -14 72 28 72
40 0 -14 72 28 72
41 0 -14 72 28 72
42 0 -14 72 28 72
43 0 -14 72 28 72
44 0 -14 72 28 72
45 0 -14 72 28 72
46 0 -14 72 28 72
47 0 -14 72 28 72
48 0 -14 93 28 93
49 0 -14 93 28 93
50 0 -14 93 28 93
51 0 -14 93 28 93
52 0 -14 93 28 93
53 0 -14 93 28 93
54 0 -14 93 28 93
55 0 -14 72 28 72
56 0 -14 93 28 93
57 0 -14 93 28 93
58 0 -14 93 28 93
59 0 -14 93 28 93
60 0 -14 93 28 93
