# S1 BALANCE: its poses' boxes (design 2.5, 7.5), a row of 24 words each: the body
# box, three hurt boxes, two hit boxes. A box is x (ahead of the feet), top (height above the
# feet), w, h; w 0 is none. Written by scripts/elecfighter-art.mjs: hurt and hit boxes drafted
# from the posed model's parts in the row's picture (poses.json `rows`), then boxes.txt (set by
# hand, never written by the script) laid over them. Edit boxes.txt, not this file.
-18 93 36 93 -5 92 21 39 -12 67 34 67 0 0 0 0 0 0 0 0 0 0 0 0 # 0 stand (stand)
-18 60 36 60 -1 60 31 33 -14 43 38 43 0 0 0 0 0 0 0 0 0 0 0 0 # 1 crouch (crouch)
-18 60 36 60 -3 77 30 37 -10 56 32 56 0 0 0 0 0 0 0 0 0 0 0 0 # 2 prejump (prejump)
-18 72 36 72 -4 86 20 39 -9 62 30 59 0 0 0 0 0 0 0 0 0 0 0 0 # 3 jump (jump)
-18 60 36 60 -3 77 30 37 -10 56 32 56 0 0 0 0 0 0 0 0 0 0 0 0 # 4 land (prejump)
-18 93 36 93 -29 88 38 38 -16 69 40 69 0 0 0 0 0 0 0 0 0 0 0 0 # 5 hit (hit)
-18 60 36 60 -19 60 26 25 -14 50 38 50 0 0 0 0 0 0 0 0 0 0 0 0 # 6 hit crouching (hitc)
-18 93 36 93 -6 90 26 38 -12 66 34 66 0 0 0 0 0 0 0 0 0 0 0 0 # 7 guard (guard)
-18 60 36 60 -5 60 31 28 -14 49 38 49 0 0 0 0 0 0 0 0 0 0 0 0 # 8 guard crouching (guardc)
-24 16 48 16 0 0 0 0 0 0 0 0 0 0 0 0 0 0 0 0 0 0 0 0 # 9 down (down)
-18 60 36 60 0 0 0 0 0 0 0 0 0 0 0 0 0 0 0 0 0 0 0 0 # 10 wake (wake)
-20 40 40 30 -39 68 39 30 -17 56 53 56 0 0 0 0 0 0 0 0 0 0 0 0 # 11 falling hit (air)
-18 93 36 93 -4 92 30 39 -12 67 34 67 0 0 0 0 0 0 0 0 0 0 0 0 # 12 sLP startup (lp0)
-18 93 36 93 -3 92 18 39 -12 67 34 67 0 0 0 0 10 80 28 18 0 0 0 0 # 13 sLP active (lp)
-18 93 36 93 -4 92 30 39 -12 67 34 67 0 0 0 0 0 0 0 0 0 0 0 0 # 14 sLP recovery (lp0)
-18 93 36 93 -6 91 23 40 -12 66 34 66 0 0 0 0 0 0 0 0 0 0 0 0 # 15 sHP startup (hp0)
-18 93 36 93 -1 85 23 36 -20 65 50 65 0 0 0 0 21 77 34 13 0 0 0 0 # 16 sHP active (hp)
-18 93 36 93 -2 88 23 38 -17 65 46 65 16 77 19 20 0 0 0 0 0 0 0 0 # 17 sHP recovery (hp2)
-18 93 36 93 -7 94 24 40 -9 68 30 68 0 0 0 0 0 0 0 0 0 0 0 0 # 18 sLK startup (lk0)
-18 93 36 93 -11 95 29 40 -9 69 20 69 0 0 0 0 10 52 30 42 0 0 0 0 # 19 sLK active (lk)
-18 93 36 93 -7 94 24 40 -9 68 30 68 0 0 0 0 0 0 0 0 0 0 0 0 # 20 sLK recovery (lk0)
-18 93 36 93 -13 95 33 39 -9 68 34 68 0 0 0 0 0 0 0 0 0 0 0 0 # 21 sHK startup (hk0)
-18 93 36 93 -30 85 44 38 -10 69 22 69 0 0 0 0 10 66 36 24 0 0 0 0 # 22 sHK active (hk)
-18 93 36 93 -18 96 30 39 -11 69 19 69 -1 54 32 39 0 0 0 0 0 0 0 0 # 23 sHK recovery (hk2)
-18 60 36 60 -1 60 31 33 -14 43 38 43 0 0 0 0 0 0 0 0 0 0 0 0 # 24 cLP startup (clp0)
-18 60 36 60 -1 60 27 28 -14 48 38 48 0 0 0 0 11 52 30 17 0 0 0 0 # 25 cLP active (clp)
-18 60 36 60 -1 60 31 33 -14 43 38 43 0 0 0 0 0 0 0 0 0 0 0 0 # 26 cLP recovery (clp0)
-18 60 36 60 -14 60 42 32 -14 28 42 28 0 0 0 0 0 0 0 0 0 0 0 0 # 27 cHP startup (chp0)
-18 60 36 60 -15 86 41 58 -15 28 41 28 0 0 0 0 10 101 11 36 0 0 0 0 # 28 cHP active (chp)
-18 60 36 60 -3 77 25 38 -14 54 38 54 11 76 17 18 0 0 0 0 0 0 0 0 # 29 cHP recovery (chp2)
-18 60 36 60 -1 60 31 33 -14 43 45 43 0 0 0 0 0 0 0 0 0 0 0 0 # 30 cLK startup (clk0)
-18 60 36 60 -4 60 30 29 -14 47 31 47 0 0 0 0 10 30 35 30 0 0 0 0 # 31 cLK active (clk)
-18 60 36 60 -1 60 31 33 -14 43 45 43 0 0 0 0 0 0 0 0 0 0 0 0 # 32 cLK recovery (clk0)
-18 60 36 60 -3 60 28 56 -8 44 33 44 0 0 0 0 0 0 0 0 0 0 0 0 # 33 cHK startup (chk0)
-18 60 36 60 -7 60 27 55 -12 40 25 40 0 0 0 0 10 25 38 25 0 0 0 0 # 34 cHK active (chk)
-18 60 36 60 -4 60 27 52 -9 47 33 41 -2 38 33 38 0 0 0 0 0 0 0 0 # 35 cHK recovery (chk2)
-18 72 36 72 -4 86 20 39 -9 62 30 59 0 0 0 0 0 0 0 0 0 0 0 0 # 36 jLP startup (jump)
-18 72 36 72 -3 85 24 38 -9 62 29 59 0 0 0 0 10 68 27 31 0 0 0 0 # 37 jLP active (jlp)
-18 72 36 72 -4 86 20 39 -9 62 30 59 0 0 0 0 0 0 0 0 0 0 0 0 # 38 jLP recovery (jump)
-18 72 36 72 -7 89 25 41 -9 62 29 59 0 0 0 0 0 0 0 0 0 0 0 0 # 39 jHP startup (jhp0)
-18 72 36 72 -8 79 27 34 -9 60 30 57 0 0 0 0 16 66 26 34 0 0 0 0 # 40 jHP active (jhp)
-18 72 36 72 -7 89 25 41 -9 62 29 59 0 0 0 0 0 0 0 0 0 0 0 0 # 41 jHP recovery (jhp0)
-18 72 36 72 -4 86 20 39 -9 62 30 59 0 0 0 0 0 0 0 0 0 0 0 0 # 42 jLK startup (jump)
-18 72 36 72 -5 92 22 40 -9 66 29 59 0 0 0 0 10 48 23 48 0 0 0 0 # 43 jLK active (jlk)
-18 72 36 72 -4 86 20 39 -9 62 30 59 0 0 0 0 0 0 0 0 0 0 0 0 # 44 jLK recovery (jump)
-18 72 36 72 -4 86 20 39 -9 62 30 59 0 0 0 0 0 0 0 0 0 0 0 0 # 45 jHK startup (jump)
-18 72 36 72 -17 89 38 40 -11 62 28 48 0 0 0 0 10 46 27 46 0 0 0 0 # 46 jHK active (jhk)
-18 72 36 72 -4 86 20 39 -9 62 30 59 0 0 0 0 0 0 0 0 0 0 0 0 # 47 jHK recovery (jump)
-18 93 36 93 -1 89 32 39 -12 66 34 66 0 0 0 0 0 0 0 0 0 0 0 0 # 48 throw startup (throw0)
-18 93 36 93 -3 87 19 38 -12 64 34 64 0 0 0 0 10 74 15 24 0 0 0 0 # 49 throw active (throw)
-18 93 36 93 -26 90 54 39 -12 65 34 65 0 0 0 0 0 0 0 0 0 0 0 0 # 50 throw recovery (throw2)
-18 93 36 93 -5 92 21 39 -12 67 34 67 0 0 0 0 0 0 0 0 0 0 0 0 # 51 walk 1 (walk1)
-18 93 36 93 -5 93 21 40 -10 68 36 68 0 0 0 0 0 0 0 0 0 0 0 0 # 52 walk 2 (walk2)
-18 93 36 93 -5 93 21 40 -14 68 42 68 0 0 0 0 0 0 0 0 0 0 0 0 # 53 walk 3 (walk3)
-18 93 36 93 -5 93 21 40 -7 68 30 68 0 0 0 0 0 0 0 0 0 0 0 0 # 54 walk 4 (walk4)
-18 72 36 72 -5 97 21 39 -12 72 30 72 0 0 0 0 0 0 0 0 0 0 0 0 # 55 jump falling (fall)
-18 93 36 93 -3 90 30 38 -18 67 51 67 0 0 0 0 0 0 0 0 0 0 0 0 # 56 dash (dash)
-18 93 36 93 -15 95 35 40 -16 70 34 70 0 0 0 0 0 0 0 0 0 0 0 0 # 57 backdash (backdash)
-18 93 36 93 -3 76 36 39 -12 65 34 65 0 0 0 0 0 0 0 0 0 0 0 0 # 58 thrown (thrown)
-18 93 36 93 -12 114 25 62 -7 72 23 72 0 0 0 0 0 0 0 0 0 0 0 0 # 59 win (win)
-18 93 36 93 -4 91 21 40 -12 66 34 66 0 0 0 0 0 0 0 0 0 0 0 0 # 60 idle (idle)
