# S3 POWER: where each pose row's cells are (art/cells.png, 16 x 16 each) and
# where each is drawn. Written by scripts/elecfighter-art.mjs with the drawing. A row of 34 words:
#   first cell, count (at most 32: the room each fighter streams into), then 32 places, a cell
#   each: dx & 255 | (dy & 255) << 8, its top left from the feet (facing right; FLIP_H mirrors).
# The rows of poses.txt (61), then the KO's pieces of the slot's own mesh (a cell each),
# cut from the poses down and air, then the in-between pictures (fighters/frames.txt).
0 13 39681 44017 43777 48113 47873 52209 51969 56305 56065 60401 60161 64257 64273 0 0 0 0 0 0 0 0 0 0 0 0 0 0 0 0 0 0 0 # 0 stand
13 12 47616 47632 51712 51728 56048 55808 55824 60144 59904 59920 64000 64016 0 0 0 0 0 0 0 0 0 0 0 0 0 0 0 0 0 0 0 0 # 1 crouch
25 13 44037 44053 48373 48133 48149 52469 52229 56565 56325 60661 60421 64757 64517 0 0 0 0 0 0 0 0 0 0 0 0 0 0 0 0 0 0 0 # 2 prejump
38 11 41733 46069 45829 50165 49925 54261 54021 58357 58117 62453 62213 0 0 0 0 0 0 0 0 0 0 0 0 0 0 0 0 0 0 0 0 0 # 3 jump
25 13 44037 44053 48373 48133 48149 52469 52229 56565 56325 60661 60421 64757 64517 0 0 0 0 0 0 0 0 0 0 0 0 0 0 0 0 0 0 0 # 4 prejump
49 15 39648 43744 43760 43520 47840 47856 47616 51952 51712 56048 55808 60144 59904 64000 64016 0 0 0 0 0 0 0 0 0 0 0 0 0 0 0 0 0 # 5 hit
64 12 44521 44537 48617 48633 52713 52729 56809 56825 56585 60905 60921 60681 0 0 0 0 0 0 0 0 0 0 0 0 0 0 0 0 0 0 0 0 # 6 hitc
76 15 41204 40964 45300 45060 45076 49396 49156 53492 53252 57588 57348 61684 61444 61460 4 0 0 0 0 0 0 0 0 0 0 0 0 0 0 0 0 0 # 7 guard
91 12 45571 45587 49907 49667 49683 54003 53763 58099 57859 62195 61955 61971 0 0 0 0 0 0 0 0 0 0 0 0 0 0 0 0 0 0 0 0 # 8 guardc
103 13 58559 58575 58591 58607 58623 58383 58399 62671 62687 62703 62719 62479 62495 0 0 0 0 0 0 0 0 0 0 0 0 0 0 0 0 0 0 0 # 9 down
116 12 43789 48125 47885 52205 52221 51981 56301 56317 56077 60397 60413 60173 0 0 0 0 0 0 0 0 0 0 0 0 0 0 0 0 0 0 0 0 # 10 wake
128 15 47054 47070 47086 51150 51166 51182 51198 50958 55278 55294 55054 59150 59166 63246 63262 0 0 0 0 0 0 0 0 0 0 0 0 0 0 0 0 0 # 11 air
143 15 39681 44017 43777 43793 48113 47873 47889 52209 51969 56305 56065 60401 60161 64257 64273 0 0 0 0 0 0 0 0 0 0 0 0 0 0 0 0 0 # 12 lp0
158 16 39682 44018 43778 43794 43810 48114 47874 47890 52210 51970 56306 56066 60402 60162 64258 64274 0 0 0 0 0 0 0 0 0 0 0 0 0 0 0 0 # 13 lp
143 15 39681 44017 43777 43793 48113 47873 47889 52209 51969 56305 56065 60401 60161 64257 64273 0 0 0 0 0 0 0 0 0 0 0 0 0 0 0 0 0 # 14 lp0
174 13 41459 41219 45555 45315 49651 49411 53747 53507 57843 57603 61939 61699 61715 0 0 0 0 0 0 0 0 0 0 0 0 0 0 0 0 0 0 0 # 15 hp0
187 18 40459 44795 44555 44571 44587 44603 48891 48651 48667 52987 52747 57067 57083 56843 61163 61179 60939 60955 0 0 0 0 0 0 0 0 0 0 0 0 0 0 # 16 hp
205 16 39689 44025 43785 43801 48121 47881 47897 52217 51977 56313 56073 60393 60409 60169 64265 64281 0 0 0 0 0 0 0 0 0 0 0 0 0 0 0 0 # 17 hp2
221 12 40181 39941 44277 44037 48373 48133 52469 52229 56565 56325 60661 60421 0 0 0 0 0 0 0 0 0 0 0 0 0 0 0 0 0 0 0 0 # 18 lk0
233 17 40179 39939 44275 44035 44051 48371 48131 52467 52227 52243 56563 56323 56339 60659 60419 60435 60451 0 0 0 0 0 0 0 0 0 0 0 0 0 0 0 # 19 lk
221 12 40181 39941 44277 44037 48373 48133 52469 52229 56565 56325 60661 60421 0 0 0 0 0 0 0 0 0 0 0 0 0 0 0 0 0 0 0 0 # 20 lk0
250 16 40185 39945 44265 44281 44041 48361 48377 48137 48153 52457 52473 52233 56569 56329 60665 64761 0 0 0 0 0 0 0 0 0 0 0 0 0 0 0 0 # 21 hk0
266 18 42481 42241 46561 46577 46337 46353 46369 50641 50657 50673 50433 50449 50465 54769 54529 58865 58625 62961 0 0 0 0 0 0 0 0 0 0 0 0 0 0 # 22 hk
284 18 39157 38917 43237 43253 43013 47333 47349 47109 51429 51445 51205 51221 55541 55301 55317 59637 59413 63733 0 0 0 0 0 0 0 0 0 0 0 0 0 0 # 23 hk2
302 12 47616 47632 51712 51728 56048 55808 55824 60144 59904 59920 64000 64016 0 0 0 0 0 0 0 0 0 0 0 0 0 0 0 0 0 0 0 0 # 24 clp0
314 14 46595 46611 50931 50691 50707 50723 55027 54787 54803 59123 58883 63219 62979 62995 0 0 0 0 0 0 0 0 0 0 0 0 0 0 0 0 0 0 # 25 clp
302 12 47616 47632 51712 51728 56048 55808 55824 60144 59904 59920 64000 64016 0 0 0 0 0 0 0 0 0 0 0 0 0 0 0 0 0 0 0 0 # 26 clp0
328 12 44303 48639 48399 52719 52735 52495 56815 56831 56591 60911 60927 60687 0 0 0 0 0 0 0 0 0 0 0 0 0 0 0 0 0 0 0 0 # 27 chp0
340 18 37134 41470 41230 45550 45566 45326 49646 49662 49422 53742 53758 53518 57838 57854 57614 61934 61950 61710 0 0 0 0 0 0 0 0 0 0 0 0 0 0 # 28 chp
358 12 44292 44308 48628 48388 48404 52724 52484 56820 56580 60916 60676 60692 0 0 0 0 0 0 0 0 0 0 0 0 0 0 0 0 0 0 0 0 # 29 chp2
370 12 47616 47632 51712 51728 56048 55808 55824 60144 59904 59920 64000 64016 0 0 0 0 0 0 0 0 0 0 0 0 0 0 0 0 0 0 0 0 # 30 clk0
382 13 47617 47633 51953 51713 51729 56049 55809 60145 59905 59921 59937 64017 64033 0 0 0 0 0 0 0 0 0 0 0 0 0 0 0 0 0 0 0 # 31 clk
370 12 47616 47632 51712 51728 56048 55808 55824 60144 59904 59920 64000 64016 0 0 0 0 0 0 0 0 0 0 0 0 0 0 0 0 0 0 0 0 # 32 clk0
395 11 48123 47883 52219 51979 56299 56315 56075 60411 60171 64507 64267 0 0 0 0 0 0 0 0 0 0 0 0 0 0 0 0 0 0 0 0 0 # 33 chk0
406 14 49138 48898 53234 52994 53010 57314 57330 57090 57106 61426 61186 61202 61218 65314 0 0 0 0 0 0 0 0 0 0 0 0 0 0 0 0 0 0 # 34 chk
420 11 47617 47633 51953 51713 51729 56049 55809 55825 59905 59921 64017 0 0 0 0 0 0 0 0 0 0 0 0 0 0 0 0 0 0 0 0 0 # 35 chk2
38 11 41733 46069 45829 50165 49925 54261 54021 58357 58117 62453 62213 0 0 0 0 0 0 0 0 0 0 0 0 0 0 0 0 0 0 0 0 0 # 36 jump
431 14 39942 44278 44038 48374 48134 48150 52470 52230 52246 52262 56566 56326 60662 60422 0 0 0 0 0 0 0 0 0 0 0 0 0 0 0 0 0 0 # 37 jlp
38 11 41733 46069 45829 50165 49925 54261 54021 58357 58117 62453 62213 0 0 0 0 0 0 0 0 0 0 0 0 0 0 0 0 0 0 0 0 0 # 38 jump
445 11 40695 44791 44551 48887 48647 52983 52743 57079 56839 61175 60935 0 0 0 0 0 0 0 0 0 0 0 0 0 0 0 0 0 0 0 0 0 # 39 jhp0
456 16 44020 43780 48116 47876 47892 47908 52212 51972 51988 52004 56308 56068 56084 56100 60404 60164 0 0 0 0 0 0 0 0 0 0 0 0 0 0 0 0 # 40 jhp
445 11 40695 44791 44551 48887 48647 52983 52743 57079 56839 61175 60935 0 0 0 0 0 0 0 0 0 0 0 0 0 0 0 0 0 0 0 0 0 # 41 jhp0
38 11 41733 46069 45829 50165 49925 54261 54021 58357 58117 62453 62213 0 0 0 0 0 0 0 0 0 0 0 0 0 0 0 0 0 0 0 0 0 # 42 jump
472 14 40949 40709 45045 44805 49141 48901 53237 52997 57333 57093 57109 61429 61205 65301 0 0 0 0 0 0 0 0 0 0 0 0 0 0 0 0 0 0 # 43 jlk
38 11 41733 46069 45829 50165 49925 54261 54021 58357 58117 62453 62213 0 0 0 0 0 0 0 0 0 0 0 0 0 0 0 0 0 0 0 0 0 # 44 jump
38 11 41733 46069 45829 50165 49925 54261 54021 58357 58117 62453 62213 0 0 0 0 0 0 0 0 0 0 0 0 0 0 0 0 0 0 0 0 0 # 45 jump
486 16 41451 41467 41227 45547 45563 45323 49643 49659 49419 53739 53755 53515 57851 57611 57627 61723 0 0 0 0 0 0 0 0 0 0 0 0 0 0 0 0 # 46 jhk
38 11 41733 46069 45829 50165 49925 54261 54021 58357 58117 62453 62213 0 0 0 0 0 0 0 0 0 0 0 0 0 0 0 0 0 0 0 0 0 # 47 jump
502 13 41223 45559 45319 45335 49655 49415 53751 53511 57847 57607 61927 61943 61703 0 0 0 0 0 0 0 0 0 0 0 0 0 0 0 0 0 0 0 # 48 throw0
515 13 41477 45813 45573 45589 49909 49669 49685 54005 53765 58101 57861 62197 61957 0 0 0 0 0 0 0 0 0 0 0 0 0 0 0 0 0 0 0 # 49 throw
528 17 41201 40961 40977 45281 45297 45057 45073 49377 49393 49153 53489 53249 57585 57345 61681 61441 61457 0 0 0 0 0 0 0 0 0 0 0 0 0 0 0 # 50 throw2
545 13 39681 44017 43777 48113 47873 52209 51969 56305 56065 60401 60161 64257 64273 0 0 0 0 0 0 0 0 0 0 0 0 0 0 0 0 0 0 0 # 51 walk1
558 13 40691 40451 44787 44547 48883 48643 52979 52739 57075 56835 61171 60931 60947 0 0 0 0 0 0 0 0 0 0 0 0 0 0 0 0 0 0 0 # 52 walk2
571 14 39937 44273 44033 48369 48129 52465 52225 56561 56321 60657 60417 60433 64513 64529 0 0 0 0 0 0 0 0 0 0 0 0 0 0 0 0 0 0 # 53 walk3
585 14 40180 39940 44276 44036 48372 48132 52468 52228 56564 56324 60660 60420 64516 64532 0 0 0 0 0 0 0 0 0 0 0 0 0 0 0 0 0 0 # 54 walk4
599 13 38914 43250 43010 47346 47106 51442 51202 55538 55298 59634 59394 63730 63490 0 0 0 0 0 0 0 0 0 0 0 0 0 0 0 0 0 0 0 # 55 fall
612 15 40956 40716 45052 44812 49148 48908 53244 53004 57324 57340 57100 61420 61436 61196 61212 0 0 0 0 0 0 0 0 0 0 0 0 0 0 0 0 0 # 56 dash
627 15 40432 40192 44528 44288 44304 48624 48384 52720 52480 56816 56576 60912 60672 60688 64768 0 0 0 0 0 0 0 0 0 0 0 0 0 0 0 0 0 # 57 backdash
642 13 45556 45316 45332 49652 49412 49428 53748 53508 57844 57604 61940 61700 61716 0 0 0 0 0 0 0 0 0 0 0 0 0 0 0 0 0 0 0 # 58 thrown
655 15 34036 33796 38132 42228 41988 46324 46084 50420 50180 54516 54276 58612 58372 62708 62468 0 0 0 0 0 0 0 0 0 0 0 0 0 0 0 0 0 # 59 win
670 13 41458 41218 45554 45314 49650 49410 53746 53506 57842 57602 61938 61698 61714 0 0 0 0 0 0 0 0 0 0 0 0 0 0 0 0 0 0 0 # 60 idle
683 31 60151 59897 59348 61426 60896 59396 60111 59118 60384 60684 59647 59363 61142 60961 61463 58851 62956 61169 59869 60148 60396 60944 61932 61204 60422 58844 60162 59890 59887 59360 59849 0 # 61 ko pieces (down)
714 32 55035 47594 49385 48366 56068 49889 52461 54786 54015 48860 53517 52211 50935 51428 50418 55818 54545 56083 58894 53243 55813 48353 53770 50923 53742 60174 53514 49647 47599 47332 57102 55286 # 62 ko pieces (air)
746 13 41458 41218 45554 45314 49650 49410 53746 53506 57842 57602 61938 61698 61714 0 0 0 0 0 0 0 0 0 0 0 0 0 0 0 0 0 0 0 # 63 in-between breath
759 13 41202 40962 45298 45058 49394 49154 53490 53250 57586 57346 61682 61442 61458 0 0 0 0 0 0 0 0 0 0 0 0 0 0 0 0 0 0 0 # 64 in-between walk1b
772 13 41202 40962 45298 45058 49394 49154 53490 53250 57586 57346 61682 61442 61458 0 0 0 0 0 0 0 0 0 0 0 0 0 0 0 0 0 0 0 # 65 in-between walk2b
785 13 39169 43505 43265 47601 47361 51697 51457 55793 55553 59889 59649 63745 63761 0 0 0 0 0 0 0 0 0 0 0 0 0 0 0 0 0 0 0 # 66 in-between walk3b
798 13 39169 43505 43265 47601 47361 51697 51457 55793 55553 59889 59649 63745 63761 0 0 0 0 0 0 0 0 0 0 0 0 0 0 0 0 0 0 0 # 67 in-between walk4b
811 11 42757 47093 46853 51189 50949 55285 55045 59381 59141 63477 63237 0 0 0 0 0 0 0 0 0 0 0 0 0 0 0 0 0 0 0 0 0 # 68 in-between takeoff
822 11 40451 44787 44547 48883 48643 52979 52739 57075 56835 61171 60931 0 0 0 0 0 0 0 0 0 0 0 0 0 0 0 0 0 0 0 0 0 # 69 in-between apex
833 11 41220 45556 45316 49652 49412 53748 53508 57844 57604 61940 61700 0 0 0 0 0 0 0 0 0 0 0 0 0 0 0 0 0 0 0 0 0 # 70 in-between land
844 15 40197 44533 44293 44309 48629 48389 48405 52725 52485 56821 56581 60901 60917 60677 60693 0 0 0 0 0 0 0 0 0 0 0 0 0 0 0 0 0 # 71 in-between dash0
859 15 40197 44533 44293 44309 48629 48389 48405 52725 52485 56821 56581 60901 60917 60677 60693 0 0 0 0 0 0 0 0 0 0 0 0 0 0 0 0 0 # 72 in-between dash2
874 14 40180 39940 44276 44036 48372 48132 52468 52228 56564 56324 60644 60660 60420 64516 0 0 0 0 0 0 0 0 0 0 0 0 0 0 0 0 0 0 # 73 in-between backdash0
888 14 40431 44527 44543 48623 48639 52719 52735 56815 56831 60911 60927 60687 65023 64783 0 0 0 0 0 0 0 0 0 0 0 0 0 0 0 0 0 0 # 74 in-between hit2
902 12 45810 45570 49906 49666 49682 54002 53762 58098 57858 62194 61954 61970 0 0 0 0 0 0 0 0 0 0 0 0 0 0 0 0 0 0 0 0 # 75 in-between hitc2
914 14 51661 51677 51693 55757 55773 55789 55805 55565 59885 59901 59661 59677 63757 63773 0 0 0 0 0 0 0 0 0 0 0 0 0 0 0 0 0 0 # 76 in-between knock
928 12 45539 49635 49651 53731 53747 53507 57827 57843 57603 61939 61699 61715 0 0 0 0 0 0 0 0 0 0 0 0 0 0 0 0 0 0 0 0 # 77 in-between wake0
940 14 40197 44533 44293 48629 48389 52725 52485 52501 56821 56581 60901 60917 60677 60693 0 0 0 0 0 0 0 0 0 0 0 0 0 0 0 0 0 0 # 78 in-between wake2
954 14 39412 39172 43508 43268 47604 47364 51700 51460 55796 55556 59892 59652 63988 63748 0 0 0 0 0 0 0 0 0 0 0 0 0 0 0 0 0 0 # 79 in-between win0
968 16 41206 40966 40982 45302 45062 45078 49398 49158 53494 53254 57590 57350 61670 61686 61446 6 0 0 0 0 0 0 0 0 0 0 0 0 0 0 0 0 # 80 in-between lp1
984 15 40180 39940 44276 44036 48372 48132 52468 52228 52244 56564 56324 56340 60660 60420 60436 0 0 0 0 0 0 0 0 0 0 0 0 0 0 0 0 0 # 81 in-between lk1
999 14 41206 40966 45302 45062 49398 49158 53494 53254 57590 57350 61670 61686 61446 6 0 0 0 0 0 0 0 0 0 0 0 0 0 0 0 0 0 0 # 82 in-between hp0a
1013 16 40962 40978 45298 45058 45074 49394 49154 49170 53490 53250 57586 57346 57362 61682 61442 61458 0 0 0 0 0 0 0 0 0 0 0 0 0 0 0 0 # 83 in-between hp3
1029 13 41463 41223 45559 45319 49655 49415 53751 53511 57847 57607 61927 61943 61703 0 0 0 0 0 0 0 0 0 0 0 0 0 0 0 0 0 0 0 # 84 in-between hp4
1042 14 37366 41462 41222 45558 45318 49654 49414 53750 53510 53526 57846 57606 61942 61702 0 0 0 0 0 0 0 0 0 0 0 0 0 0 0 0 0 0 # 85 in-between hk0a
1056 17 39664 39424 43760 43520 47856 47616 51952 51712 51728 56048 55808 55824 60144 59904 59920 64240 64000 0 0 0 0 0 0 0 0 0 0 0 0 0 0 0 # 86 in-between hk3
1073 13 37366 41462 41222 45558 45318 49654 49414 53750 53510 57846 57606 61942 61702 0 0 0 0 0 0 0 0 0 0 0 0 0 0 0 0 0 0 0 # 87 in-between hk4
1086 11 48639 48399 52719 52735 52495 56815 56831 56591 60911 60927 60687 0 0 0 0 0 0 0 0 0 0 0 0 0 0 0 0 0 0 0 0 0 # 88 in-between chp0a
1097 13 46077 45837 50173 49933 54253 54269 54029 58349 58365 58125 62445 62461 62221 0 0 0 0 0 0 0 0 0 0 0 0 0 0 0 0 0 0 0 # 89 in-between chp3
1110 11 48636 48396 48412 52732 52492 56812 56828 56588 60908 60924 60684 0 0 0 0 0 0 0 0 0 0 0 0 0 0 0 0 0 0 0 0 0 # 90 in-between chk0a
1121 10 48637 48397 52717 52733 52493 56813 56829 56589 60925 60685 0 0 0 0 0 0 0 0 0 0 0 0 0 0 0 0 0 0 0 0 0 0 # 91 in-between chk3
1131 13 40948 40708 45044 44804 49140 48900 53236 52996 53012 57332 57092 57108 61188 0 0 0 0 0 0 0 0 0 0 0 0 0 0 0 0 0 0 0 # 92 in-between jhk0
1144 15 41455 41471 41231 45551 45567 45327 49647 49663 53743 53759 57839 57855 61935 61951 61711 0 0 0 0 0 0 0 0 0 0 0 0 0 0 0 0 0 # 93 in-between throw3
