# Boxes set by hand, laid over the ones scripts/elecfighter-art.mjs drafts from the drawings
# (design 2.5). The script never writes this file once it is there: a redraw keeps them.
#   row box x top w h   (box 0 the body, 1-3 hurt, 4-5 hit; x ahead of the feet, top above
#   them; w 0 is none). The body boxes are all here: only the push between fighters reads them.
0 0 -16 97 32 97
1 0 -16 60 32 60
2 0 -16 60 32 60
3 0 -16 72 32 72
4 0 -16 60 32 60
5 0 -16 97 32 97
6 0 -16 60 32 60
7 0 -16 97 32 97
8 0 -16 60 32 60
9 0 -24 16 48 16
10 0 -16 60 32 60
11 0 -20 40 40 30
12 0 -16 97 32 97
13 0 -16 97 32 97
14 0 -16 97 32 97
15 0 -16 97 32 97
16 0 -16 97 32 97
17 0 -16 97 32 97
18 0 -16 97 32 97
19 0 -16 97 32 97
20 0 -16 97 32 97
21 0 -16 97 32 97
22 0 -16 97 32 97
23 0 -16 97 32 97
24 0 -16 60 32 60
25 0 -16 60 32 60
26 0 -16 60 32 60
27 0 -16 60 32 60
28 0 -16 60 32 60
29 0 -16 60 32 60
30 0 -16 60 32 60
31 0 -16 60 32 60
32 0 -16 60 32 60
33 0 -16 60 32 60
34 0 -16 60 32 60
35 0 -16 60 32 60
36 0 -16 72 32 72
37 0 -16 72 32 72
38 0 -16 72 32 72
39 0 -16 72 32 72
40 0 -16 72 32 72
41 0 -16 72 32 72
42 0 -16 72 32 72
43 0 -16 72 32 72
44 0 -16 72 32 72
45 0 -16 72 32 72
46 0 -16 72 32 72
47 0 -16 72 32 72
48 0 -16 97 32 97
49 0 -16 97 32 97
50 0 -16 97 32 97
51 0 -16 97 32 97
52 0 -16 97 32 97
53 0 -16 97 32 97
54 0 -16 97 32 97
55 0 -16 72 32 72
56 0 -16 97 32 97
57 0 -16 97 32 97
58 0 -16 97 32 97
59 0 -16 97 32 97
60 0 -16 97 32 97
