# S3 POWER: its poses' boxes (design 2.5, 7.5), a row of 24 words each: the body
# box, three hurt boxes, two hit boxes. A box is x (ahead of the feet), top (height above the
# feet), w, h; w 0 is none. Written by scripts/elecfighter-art.mjs: hurt and hit boxes drafted
# from the posed model's parts in the row's picture (poses.json `rows`), then boxes.txt (set by
# hand, never written by the script) laid over them. Edit boxes.txt, not this file.
-16 97 32 97 -6 93 23 42 -12 68 34 68 0 0 0 0 0 0 0 0 0 0 0 0 # 0 stand (stand)
-16 60 32 60 -3 60 35 36 -13 44 37 44 0 0 0 0 0 0 0 0 0 0 0 0 # 1 crouch (crouch)
-16 60 32 60 -4 78 33 41 -10 56 31 56 0 0 0 0 0 0 0 0 0 0 0 0 # 2 prejump (prejump)
-16 72 32 72 -6 87 23 42 -9 63 30 62 0 0 0 0 0 0 0 0 0 0 0 0 # 3 jump (jump)
-16 60 32 60 -4 78 33 41 -10 56 31 56 0 0 0 0 0 0 0 0 0 0 0 0 # 4 land (prejump)
-16 97 32 97 -30 88 40 40 -16 70 39 70 0 0 0 0 0 0 0 0 0 0 0 0 # 5 hit (hit)
-16 60 32 60 -20 60 29 27 -14 50 38 50 0 0 0 0 0 0 0 0 0 0 0 0 # 6 hit crouching (hitc)
-16 97 32 97 -8 93 30 43 -12 67 34 67 0 0 0 0 0 0 0 0 0 0 0 0 # 7 guard (guard)
-16 60 32 60 -6 60 34 30 -14 50 38 50 0 0 0 0 0 0 0 0 0 0 0 0 # 8 guard crouching (guardc)
-24 16 48 16 0 0 0 0 0 0 0 0 0 0 0 0 0 0 0 0 0 0 0 0 # 9 down (down)
-16 60 32 60 0 0 0 0 0 0 0 0 0 0 0 0 0 0 0 0 0 0 0 0 # 10 wake (wake)
-20 40 40 30 -41 69 42 34 -19 57 55 57 0 0 0 0 0 0 0 0 0 0 0 0 # 11 falling hit (air)
-16 97 32 97 -6 93 35 42 -12 68 34 68 0 0 0 0 0 0 0 0 0 0 0 0 # 12 sLP startup (lp0)
-16 97 32 97 -4 93 20 43 -12 68 34 68 0 0 0 0 10 82 32 21 0 0 0 0 # 13 sLP active (lp)
-16 97 32 97 -6 93 35 42 -12 68 34 68 0 0 0 0 0 0 0 0 0 0 0 0 # 14 sLP recovery (lp0)
-16 97 32 97 -9 92 28 43 -12 66 35 66 0 0 0 0 0 0 0 0 0 0 0 0 # 15 sHP startup (hp0)
-16 97 32 97 -5 86 34 39 -18 65 47 65 0 0 0 0 24 78 39 16 0 0 0 0 # 16 sHP active (hp)
-16 97 32 97 -5 89 32 41 -15 66 42 66 19 79 21 23 0 0 0 0 0 0 0 0 # 17 sHP recovery (hp2)
-16 97 32 97 -8 95 27 43 -10 69 31 69 0 0 0 0 0 0 0 0 0 0 0 0 # 18 sLK startup (lk0)
-16 97 32 97 -12 96 33 43 -11 69 24 69 0 0 0 0 10 51 29 36 0 0 0 0 # 19 sLK active (lk)
-16 97 32 97 -8 95 27 43 -10 69 31 69 0 0 0 0 0 0 0 0 0 0 0 0 # 20 sLK recovery (lk0)
-16 97 32 97 -16 96 37 42 -12 68 39 68 0 0 0 0 0 0 0 0 0 0 0 0 # 21 sHK startup (hk0)
-16 97 32 97 -26 96 43 47 -17 72 29 72 0 0 0 0 10 66 32 24 0 0 0 0 # 22 sHK active (hk)
-16 97 32 97 -22 97 38 42 -16 68 28 68 0 54 33 41 0 0 0 0 0 0 0 0 # 23 sHK recovery (hk2)
-16 60 32 60 -3 60 35 36 -13 44 37 44 0 0 0 0 0 0 0 0 0 0 0 0 # 24 cLP startup (clp0)
-16 60 32 60 -3 60 31 31 -14 49 38 49 0 0 0 0 11 53 34 20 0 0 0 0 # 25 cLP active (clp)
-16 60 32 60 -3 60 35 36 -13 44 37 44 0 0 0 0 0 0 0 0 0 0 0 0 # 26 cLP recovery (clp0)
-16 60 32 60 -14 60 44 32 -14 28 44 28 0 0 0 0 0 0 0 0 0 0 0 0 # 27 cHP startup (chp0)
-16 60 32 60 -15 87 39 59 -15 28 39 28 0 0 0 0 12 105 13 40 0 0 0 0 # 28 cHP active (chp)
-16 60 32 60 -6 77 29 41 -12 55 35 55 13 79 19 21 0 0 0 0 0 0 0 0 # 29 cHP recovery (chp2)
-16 60 32 60 -3 60 35 36 -13 44 43 44 0 0 0 0 0 0 0 0 0 0 0 0 # 30 cLK startup (clk0)
-16 60 32 60 -5 60 32 32 -14 48 32 48 0 0 0 0 10 29 35 29 0 0 0 0 # 31 cLK active (clk)
-16 60 32 60 -3 60 35 36 -13 44 43 44 0 0 0 0 0 0 0 0 0 0 0 0 # 32 cLK recovery (clk0)
-16 60 32 60 -5 60 32 60 -11 45 38 44 0 0 0 0 0 0 0 0 0 0 0 0 # 33 cHK startup (chk0)
-16 60 32 60 -10 60 35 58 -16 41 34 41 0 0 0 0 10 25 40 25 0 0 0 0 # 34 cHK active (chk)
-16 60 32 60 -7 60 32 57 -12 49 34 45 -1 38 33 38 0 0 0 0 0 0 0 0 # 35 cHK recovery (chk2)
-16 72 32 72 -6 87 23 42 -9 63 30 62 0 0 0 0 0 0 0 0 0 0 0 0 # 36 jLP startup (jump)
-16 72 32 72 -5 86 27 42 -9 63 30 62 0 0 0 0 10 67 31 34 0 0 0 0 # 37 jLP active (jlp)
-16 72 32 72 -6 87 23 42 -9 63 30 62 0 0 0 0 0 0 0 0 0 0 0 0 # 38 jLP recovery (jump)
-16 72 32 72 -8 92 27 46 -9 62 31 61 0 0 0 0 0 0 0 0 0 0 0 0 # 39 jHP startup (jhp0)
-16 72 32 72 -12 80 37 38 -12 61 35 60 0 0 0 0 18 66 31 37 0 0 0 0 # 40 jHP active (jhp)
-16 72 32 72 -8 92 27 46 -9 62 31 61 0 0 0 0 0 0 0 0 0 0 0 0 # 41 jHP recovery (jhp0)
-16 72 32 72 -6 87 23 42 -9 63 30 62 0 0 0 0 0 0 0 0 0 0 0 0 # 42 jLK startup (jump)
-16 72 32 72 -7 93 26 43 -9 67 30 62 0 0 0 0 10 48 22 48 0 0 0 0 # 43 jLK active (jlk)
-16 72 32 72 -6 87 23 42 -9 63 30 62 0 0 0 0 0 0 0 0 0 0 0 0 # 44 jLK recovery (jump)
-16 72 32 72 -6 87 23 42 -9 63 30 62 0 0 0 0 0 0 0 0 0 0 0 0 # 45 jHK startup (jump)
-16 72 32 72 -21 90 43 43 -16 63 32 51 0 0 0 0 10 46 29 46 0 0 0 0 # 46 jHK active (jhk)
-16 72 32 72 -6 87 23 42 -9 63 30 62 0 0 0 0 0 0 0 0 0 0 0 0 # 47 jHK recovery (jump)
-16 97 32 97 -3 89 38 41 -11 66 33 66 0 0 0 0 0 0 0 0 0 0 0 0 # 48 throw startup (throw0)
-16 97 32 97 -4 88 23 42 -11 64 32 64 0 0 0 0 10 75 19 27 0 0 0 0 # 49 throw active (throw)
-16 97 32 97 -31 90 64 41 -16 65 36 65 0 0 0 0 0 0 0 0 0 0 0 0 # 50 throw recovery (throw2)
-16 97 32 97 -6 93 23 42 -12 68 34 68 0 0 0 0 0 0 0 0 0 0 0 0 # 51 walk 1 (walk1)
-16 97 32 97 -6 94 23 43 -10 68 36 68 0 0 0 0 0 0 0 0 0 0 0 0 # 52 walk 2 (walk2)
-16 97 32 97 -6 94 23 43 -14 68 42 68 0 0 0 0 0 0 0 0 0 0 0 0 # 53 walk 3 (walk3)
-16 97 32 97 -6 94 23 43 -9 68 31 68 0 0 0 0 0 0 0 0 0 0 0 0 # 54 walk 4 (walk4)
-16 72 32 72 -6 98 24 42 -12 73 29 73 0 0 0 0 0 0 0 0 0 0 0 0 # 55 jump falling (fall)
-16 97 32 97 -4 91 32 41 -18 68 51 68 0 0 0 0 0 0 0 0 0 0 0 0 # 56 dash (dash)
-16 97 32 97 -16 96 38 43 -16 70 34 70 0 0 0 0 0 0 0 0 0 0 0 0 # 57 backdash (backdash)
-16 97 32 97 -4 76 39 43 -12 66 34 66 0 0 0 0 0 0 0 0 0 0 0 0 # 58 thrown (thrown)
-16 97 32 97 -12 118 27 68 -9 72 25 72 0 0 0 0 0 0 0 0 0 0 0 0 # 59 win (win)
-16 97 32 97 -6 92 23 42 -12 67 34 67 0 0 0 0 0 0 0 0 0 0 0 0 # 60 idle (idle)
